solution([[1],[2],[3]], [[1],[2],[3]], X), writeMatr(X).

solution([[2,2],[4,4],[9],[9],[9],[7],[5],[3],[1]], [[4],[6],[7],[7],[7],[7],[7],[6],[4]], X), writeMatr(X).
solution([[2],[4],[6],[8],[10],[4,4],[4,4],[10],[10],[10]], [[6],[7],[8],[9],[5,3],[5,3],[9],[8],[7],[6]], X), writeMatr(X).
solution([[2],[6],[8],[10],[10],[4],[4],[4],[4],[10]], [[2,1],[3,1],[4,1],[9],[10],[10],[9],[4,1],[3,1],[2,1]],X), writeMatr(X).
solution([[1,1],[4],[1,1,2],[4,1],[6,1],[6,1],[6,1],[6,1],[6,1],[8]], [[2,2],[9],[1,7],[10],[6],[6],[5],[1],[8],[1]],X), writeMatr(X).
solution([[4],[3],[5],[7,1],[1,7],[2,1,5],[4,5],[2,4,1],[4,1],[4]], [[2],[5],[2,3],[5,1],[4,3],[10],[8,1],[1,5,1],[1,3],[6]],X), writeMatr(X).
solution([[3],[1,1],[1,1,1],[2,1],[1,5],[1,1,1],[1,3,1],[2,2],[7],[1,1]], [[1],[7],[1,2],[1,1,1],[1,2],[4,1,1],[1,1,2],[3,1],[1,2],[4]],X), writeMatr(X).
solution([[2,4],[2,2,1],[7],[6],[1,1,3],[3,3,1],[1,4],[1,2],[2,1],[5]], [[3,2],[3,1,1],[4,1],[3,2],[4,5],[1,4,1],[1,5],[2,2,1],[2],[4]],X), writeMatr(X).

solution([[4,3],[2,1,2],[1,1,1],[1,11],[1,1,1],[2,9],[10],[5],[3],[1],[1],[1],[1],[1],[7]],
[[5],[2,2],[1,2,1],[1,1,2],[4,2,1],[1,3,1],[1,4,1],[1,10],[1,4,1],[1,3,1],[1,2,1],[3,1],[2,2],[1],[1]], X), writeMatr(X).
solution([[3],[2,2],[3,1],[5,7],[1,4,1],[1,1],[3,1],[5,1,3],[1,3,3],[11],[11],[3,3],[1,11,1],[1,1],[15]],
[[4],[5,1,1],[1,7,1],[1,2,2,1,1],[1,1,2,1,1],[4,4,1,1],[3,1,3,1,1],[1,3,4,1,1],[2,2,2,1,1],[3,2,1,1],[1,3,1,1],[1,4,1,1],[1,6,1],[5,1,1],[4]],X), writeMatr(X). 