Gauss method:
Matrix A:
20x20
1.000 0.500 0.333 0.250 0.200 0.167 0.143 0.125 0.111 0.100 0.091 0.083 0.077 0.071 0.067 0.063 0.059 0.056 0.053 0.050
0.500 0.333 0.250 0.200 0.167 0.143 0.125 0.111 0.100 0.091 0.083 0.077 0.071 0.067 0.063 0.059 0.056 0.053 0.050 0.048
0.333 0.250 0.200 0.167 0.143 0.125 0.111 0.100 0.091 0.083 0.077 0.071 0.067 0.063 0.059 0.056 0.053 0.050 0.048 0.045
0.250 0.200 0.167 0.143 0.125 0.111 0.100 0.091 0.083 0.077 0.071 0.067 0.063 0.059 0.056 0.053 0.050 0.048 0.045 0.043
0.200 0.167 0.143 0.125 0.111 0.100 0.091 0.083 0.077 0.071 0.067 0.063 0.059 0.056 0.053 0.050 0.048 0.045 0.043 0.042
0.167 0.143 0.125 0.111 0.100 0.091 0.083 0.077 0.071 0.067 0.063 0.059 0.056 0.053 0.050 0.048 0.045 0.043 0.042 0.040
0.143 0.125 0.111 0.100 0.091 0.083 0.077 0.071 0.067 0.063 0.059 0.056 0.053 0.050 0.048 0.045 0.043 0.042 0.040 0.038
0.125 0.111 0.100 0.091 0.083 0.077 0.071 0.067 0.063 0.059 0.056 0.053 0.050 0.048 0.045 0.043 0.042 0.040 0.038 0.037
0.111 0.100 0.091 0.083 0.077 0.071 0.067 0.063 0.059 0.056 0.053 0.050 0.048 0.045 0.043 0.042 0.040 0.038 0.037 0.036
0.100 0.091 0.083 0.077 0.071 0.067 0.063 0.059 0.056 0.053 0.050 0.048 0.045 0.043 0.042 0.040 0.038 0.037 0.036 0.034
0.091 0.083 0.077 0.071 0.067 0.063 0.059 0.056 0.053 0.050 0.048 0.045 0.043 0.042 0.040 0.038 0.037 0.036 0.034 0.033
0.083 0.077 0.071 0.067 0.063 0.059 0.056 0.053 0.050 0.048 0.045 0.043 0.042 0.040 0.038 0.037 0.036 0.034 0.033 0.032
0.077 0.071 0.067 0.063 0.059 0.056 0.053 0.050 0.048 0.045 0.043 0.042 0.040 0.038 0.037 0.036 0.034 0.033 0.032 0.031
0.071 0.067 0.063 0.059 0.056 0.053 0.050 0.048 0.045 0.043 0.042 0.040 0.038 0.037 0.036 0.034 0.033 0.032 0.031 0.030
0.067 0.063 0.059 0.056 0.053 0.050 0.048 0.045 0.043 0.042 0.040 0.038 0.037 0.036 0.034 0.033 0.032 0.031 0.030 0.029
0.063 0.059 0.056 0.053 0.050 0.048 0.045 0.043 0.042 0.040 0.038 0.037 0.036 0.034 0.033 0.032 0.031 0.030 0.029 0.029
0.059 0.056 0.053 0.050 0.048 0.045 0.043 0.042 0.040 0.038 0.037 0.036 0.034 0.033 0.032 0.031 0.030 0.029 0.029 0.028
0.056 0.053 0.050 0.048 0.045 0.043 0.042 0.040 0.038 0.037 0.036 0.034 0.033 0.032 0.031 0.030 0.029 0.029 0.028 0.027
0.053 0.050 0.048 0.045 0.043 0.042 0.040 0.038 0.037 0.036 0.034 0.033 0.032 0.031 0.030 0.029 0.029 0.028 0.027 0.026
0.050 0.048 0.045 0.043 0.042 0.040 0.038 0.037 0.036 0.034 0.033 0.032 0.031 0.030 0.029 0.029 0.028 0.027 0.026 0.026

Vector b:
20x1
1.000
2.000
3.000
4.000
5.000
6.000
7.000
8.000
9.000
10.000
11.000
12.000
13.000
14.000
15.000
16.000
17.000
18.000
19.000
20.000

Solution x:
20x1
-2937.972
378701.480
-11301100.533
127064015.790
-514797496.952
-1055277679.711
18251255431.461
-75420441758.833
156007255988.786
-164817808966.058
70231443551.695
-16354146968.537
34569766514.102
84748286552.188
-314769677439.767
364349775225.041
-235932200202.495
128811681674.628
-64584571071.997
16363349533.193

Check A*x == b:
20x1
1.000
2.000
3.000
4.000
5.000
6.000
7.000
8.000
9.000
10.000
11.000
12.000
13.000
14.000
15.000
16.000
17.000
18.000
19.000
20.000

Jakobi method:
Matrix A^(-1):
20x20
143.753 -10263.349 236627.697 -2570193.007 15247691.568 -52390732.409 104810940.100 -123858140.516 142196301.063 -340305255.750 654526573.000 -570516583.625 -103641507.313 896418927.318 -1465267136.438 1642808549.375 -1182385790.500 421206787.625 -15095234.844 -21411667.359
-10413.774 1007090.017 -26620870.645 315937663.029 -2017362632.183 7485238598.080 -16571091705.906 22787475032.000 -27766144761.000 55096309911.000 -101032890574.000 91998783861.000 14213997552.500 -147929541197.953 234060049345.000 -249375368419.000 182150965063.000 -76519993019.000 12458679605.750 670580396.000
248304.812 -27544390.599 794389523.861 -10094715168.453 68680242845.561 -272953930830.828 658029794081.250 -1005482541243.000 1255825600598.000 -2164760641320.000 3810221384396.000 -3587178054200.000 -561878051708.000 6052477967315.750 -9198178410252.000 9279031851644.000 -6876865159800.000 3337232680044.000 -860803036756.000 75927886595.500
-2867523.109 347691575.816 -10734355939.177 144801024541.945 -1044434535279.465 4419742489965.781 -11449723062314.750 18854494279081.000 -23602921399880.000 35932286448432.000 -60853550205752.000 58747574285864.000 11263025050608.000 -107038325491101.750 154540860408160.000 -146498347278280.000 110507039704368.000 -61697886523400.000 20805086133804.000 -3019331272363.000
18891803.206 -2461289640.278 80772469327.789 -1152761275128.000 8789336722489.750 -39392330992041.750 108377487009166.000 -188079250547104.000 231757396022384.000 -310528570213952.000 504283170229376.000 -494855633656832.000 -136346096924672.000 1013041705527751.000 -1367176472491936.000 1200674082822912.000 -930162403185152.000 604053746176000.000 -247199205922032.000 43837468225300.000
-77518149.544 10800906892.708 -376138699086.059 5671711577260.078 -45587362600238.437 215137593869746.370 -621731054263988.000 1117344269851232.000 -1332194231344896.000 1532347420120000.000 -2349697707714432.000 2311463053316224.000 1049957035912960.000 -5680238374027124.000 6982435133966784.000 -5524060345473152.000 4495738697875840.000 -3501246108529152.000 1679021751453120.000 -333996070718008.000
209295369.305 -31186412076.797 1151675185380.023 -18306584777666.078 154434521224189.000 -761954176513240.250 2288526661062384.000 -4198665136560864.000 4757281143126272.000 -4420243601676928.000 6087579968385024.000 -5796138632542976.000 -5215554556471808.000 19706677736932624.000 -21055624205935744.000 14059427215434752.000 -12819280015887104.000 12758353694455040.000 -7038563905831040.000 1510929242692816.000
-388614598.629 61683684293.016 -2402388279061.297 39982363193283.375 -351150290814071.000 1794388739351364.500 -5541610925316344.000 10254852167422336.000 -10821903931249792.000 6999901568042752.000 -6960498412489216.000 5280266742470144.000 16600383916419584.000 -42070447864849728.000 35171095791669504.000 -15728809539905024.000 20923339023497728.000 -30197160235260928.000 18876959336403328.000 -4267247640009760.000
520266849.099 -86077049667.838 3470691781271.227 -59500273430839.687 536153925642822.500 -2800000102060061.000 8781214431342512.000 -16183692661337408.000 15441660128742144.000 -3837074794481664.000 -4245291800695808.000 9149258033043456.000 -32407783224800512.000 50848713185054176.000 -22473706899266304.000 -6905039353426944.000 -18392166781066240.000 47586092251169280.000 -32618125305982976.000 7575904707680448.000
-521339967.798 85489940799.661 -3431299986420.172 58688005995122.500 -527915812567848.500 2747273600707582.000 -8517512034323392.000 15029215367001472.000 -11271184000567296.000 -7241577892957184.000 23845419352774656.000 -28475608815191040.000 33162042711713280.000 -24484006846241248.000 -14628416389750272.000 29838030462110720.000 15607057030929408.000 -52769425140167680.000 35824206597425152.000 -8192940504973120.000
364144307.863 -55481238012.635 2075913878207.734 -33000216410374.000 272215266740645.000 -1252281650197450.000 3073757008034848.000 -2337256538595840.000 -7839479950459392.000 25657819291761664.000 -33155276441614336.000 20891671265348608.000 -5257419367956480.000 -2863272739955104.000 5717912950859776.000 9388912587589632.000 -39649310502635520.000 47553292574874624.000 -25371501114518016.000 5201197046376704.000
-65127153.259 5919325705.947 -7517944190.656 -4876324807129.000 105548032949342.500 -1033773610080764.000 5802635211244384.000 -20212544783517696.000 44399964731549184.000 -58441094830992384.000 35945652096595968.000 7197362600323072.000 -14170500171260928.000 -29625188700835200.000 72737464459403264.000 -79936801283057664.000 63521279100426240.000 -39080150648125440.000 15606495545053696.000 -2811469812301696.000
-338252850.356 58581204489.818 -2590620239532.203 50934613056155.000 -551866067796860.500 3664860603070664.000 -15752051713917440.000 44704753634227328.000 -82547453248221696.000 92127905698854912.000 -48286875403284480.000 1477411166255104.000 -25911037529718272.000 91626170050046816.000 -104796594245974020.000 63216099225804800.000 -31903148595666944.000 22255067352672256.000 -12038776176077824.000 2667133143437184.000
919320996.617 -153191783321.404 6345267558593.188 -114074955730574.500 1104704443553852.000 -6406545239149920.000 23437200359326656.000 -54900903540934400.000 80612915118574592.000 -70005234729402368.000 39516305290649600.000 -47935360469469184.000 90205387640341504.000 -91275512975396992.000 41714408033212416.000 -4480623005593600.000 -2268947208892416.000 2707258700961792.000 -2927146381022208.000 1009976251095296.000
-1638964661.799 261759758746.173 -10284863708731.457 172814889917502.840 -1530196689543111.000 7837453101290640.000 -23827909887433608.000 40850061106263040.000 -30001207679735296.000 -7390698553782272.000 -645248042170368.000 76285230911544832.000 -102047867047141760.000 37594677950641432.000 -17614148359221248.000 56178112599455232.000 -28026833015174656.000 -37329496848681728.000 40506557575926272.000 -11001278477186432.000
1887726096.355 -288396758077.291 10798689336850.984 -171554038041650.750 1415107811457742.000 -6560140787202240.000 16898806087418144.000 -19641176911943936.000 -5781021512148992.000 31568573796678656.000 15111824466847744.000 -97432459433154560.000 77568889512907776.000 -10510470888902016.000 66395483771840512.000 -129671249900191740.000 23137202711912448.000 100601472849618940.000 -83276517591390208.000 20336719241866496.000
-1228593645.507 182612077491.852 -6635622782938.844 101946918595907.250 -809918580159221.870 3608274360301428.500 -9075467582773794.000 12204849188539968.000 -11163906518702112.000 31969759740820096.000 -95650252928329408.000 132818039876136060.000 -70624058080156320.000 14189387268440676.000 -61403606150339296.000 59994563023740992.000 77720050696217856.000 -161263145273198780.000 98685767587964192.000 -21295830169791544.000
328401700.361 -49755595059.702 1843668226192.779 -29123385731946.195 244221019071671.370 -1234845408234257.000 4266462928786108.000 -12058962172343016.000 32170062703461072.000 -74527106980761952.000 123812890014542400.000 -125506488240662910.000 62851912812796576.000 -10675603145084024.000 686945558788064.000 47682392537574976.000 -134528937171144900.000 145243850999564800.000 -72535232933956064.000 14135767105631728.000
45181416.042 -4717054486.144 94102283770.233 24422346656.349 -18037412288370.477 236889926000851.370 -1624816701910742.500 7171898230100153.000 -21805162882852164.000 46322630514156336.000 -67279996799854032.000 62811628305797832.000 -32404595250272640.000 1995170198836252.000 20852747583374784.000 -53123323055641184.000 80264020772909440.000 -68181293558050160.000 30330749512063572.000 -5548623494759474.000
-32188031.613 4099138966.199 -122362761584.621 1390596237931.286 -5524387142137.061 -19498840482797.012 314927917492728.310 -1629564802803643.200 4972247830529856.000 -10039200902023264.000 13806327503313998.000 -12636673244140618.000 6725872890085666.000 312036678810502.370 -7064796850704411.000 13949162735120382.000 -17253714234188090.000 13070913120752796.000 -5476652479448393.000 972864832960689.620

Check A * (A^-1) == E:
20x20
1.000 0.000 -0.000 -0.014 0.314 -3.153 17.400 -60.984 133.438 -174.750 108.000 21.625 -42.688 -89.318 217.438 -239.875 191.500 -117.625 46.344 -8.391
-0.000 1.000 -0.000 -0.012 0.257 -2.665 14.947 -51.938 113.156 -148.563 91.000 19.000 -38.250 -75.361 185.875 -203.500 162.125 -101.375 38.031 -7.461
-0.000 0.000 1.000 -0.009 0.229 -2.341 12.920 -45.109 100.375 -131.188 80.750 16.875 -32.563 -66.432 162.000 -179.000 142.500 -88.500 34.938 -6.344
-0.000 0.000 0.000 0.991 0.196 -2.042 11.174 -40.406 89.406 -116.125 71.000 15.750 -28.875 -60.588 144.938 -160.750 127.625 -80.625 31.625 -5.773
-0.000 0.000 -0.000 -0.006 1.185 -1.842 10.199 -36.359 81.000 -105.875 65.500 14.125 -26.844 -53.959 132.500 -146.000 115.000 -70.000 28.313 -4.883
-0.000 0.000 0.000 -0.007 0.172 -0.761 9.500 -33.484 74.750 -97.313 59.938 13.750 -23.344 -49.123 120.313 -132.438 103.375 -64.125 25.781 -4.727
-0.000 0.000 -0.000 -0.005 0.147 -1.461 9.547 -30.102 68.125 -90.125 55.125 12.063 -23.031 -44.936 110.688 -122.875 96.125 -60.563 24.156 -4.273
-0.000 0.000 0.000 -0.006 0.150 -1.446 8.332 -27.453 63.438 -81.500 50.125 10.500 -20.625 -41.176 102.688 -114.563 89.125 -55.375 21.406 -4.000
-0.000 0.000 0.000 -0.006 0.144 -1.406 7.703 -27.313 60.938 -77.938 48.063 10.250 -18.188 -39.791 96.000 -106.000 83.250 -51.250 20.594 -3.648
-0.000 0.000 -0.000 -0.006 0.123 -1.246 7.217 -25.016 55.688 -72.063 44.438 10.313 -16.406 -36.578 88.969 -99.250 78.875 -48.500 18.688 -3.449
-0.000 0.000 0.000 -0.004 0.118 -1.174 6.703 -23.313 51.938 -67.625 42.250 9.563 -16.344 -34.832 86.625 -94.375 75.375 -45.313 18.375 -3.211
-0.000 0.000 0.000 -0.005 0.115 -1.151 6.441 -22.258 48.969 -64.188 39.375 8.625 -16.125 -33.385 80.219 -89.563 69.313 -42.375 16.594 -3.074
-0.000 0.000 -0.000 -0.004 0.092 -1.067 5.783 -20.883 46.188 -60.750 37.188 8.188 -13.688 -31.559 75.344 -84.313 66.188 -41.875 16.594 -2.949
-0.000 0.000 -0.000 -0.003 0.096 -0.914 5.639 -19.500 43.906 -57.375 34.813 7.875 -14.313 -28.162 71.375 -79.000 62.000 -39.125 15.188 -2.832
-0.000 0.000 -0.000 -0.004 0.092 -0.935 5.422 -18.734 42.125 -54.875 33.438 7.875 -14.344 -28.080 68.719 -75.500 59.250 -37.625 14.688 -2.723
-0.000 0.000 -0.000 -0.005 0.085 -0.867 4.986 -17.906 39.938 -52.188 31.875 7.313 -13.063 -27.018 65.469 -72.063 57.563 -35.000 14.063 -2.523
-0.000 0.000 -0.000 -0.004 0.078 -0.866 4.959 -17.367 38.375 -49.938 30.688 7.000 -12.156 -25.882 62.156 -68.938 55.000 -34.000 13.250 -2.379
-0.000 0.000 0.000 -0.005 0.085 -0.841 4.689 -16.633 37.047 -48.375 29.750 5.938 -11.438 -24.065 59.438 -65.688 52.313 -32.250 13.063 -2.305
-0.000 0.000 0.000 -0.004 0.075 -0.794 4.468 -15.742 35.234 -46.188 28.813 5.938 -11.531 -22.990 57.625 -63.000 49.438 -31.250 12.969 -2.133
-0.000 0.000 -0.000 -0.004 0.081 -0.807 4.439 -15.203 34.156 -44.875 27.250 6.000 -10.719 -22.021 54.938 -60.938 47.875 -29.313 11.609 -1.082

cond(A) = 2823388743232661500.000
det(A) = 0.0000000000
