Gauss method:
Matrix A:
40x40
1.000 0.500 0.333 0.250 0.200 0.167 0.143 0.125 0.111 0.100 0.091 0.083 0.077 0.071 0.067 0.063 0.059 0.056 0.053 0.050 0.048 0.045 0.043 0.042 0.040 0.038 0.037 0.036 0.034 0.033 0.032 0.031 0.030 0.029 0.029 0.028 0.027 0.026 0.026 0.025
0.500 0.333 0.250 0.200 0.167 0.143 0.125 0.111 0.100 0.091 0.083 0.077 0.071 0.067 0.063 0.059 0.056 0.053 0.050 0.048 0.045 0.043 0.042 0.040 0.038 0.037 0.036 0.034 0.033 0.032 0.031 0.030 0.029 0.029 0.028 0.027 0.026 0.026 0.025 0.024
0.333 0.250 0.200 0.167 0.143 0.125 0.111 0.100 0.091 0.083 0.077 0.071 0.067 0.063 0.059 0.056 0.053 0.050 0.048 0.045 0.043 0.042 0.040 0.038 0.037 0.036 0.034 0.033 0.032 0.031 0.030 0.029 0.029 0.028 0.027 0.026 0.026 0.025 0.024 0.024
0.250 0.200 0.167 0.143 0.125 0.111 0.100 0.091 0.083 0.077 0.071 0.067 0.063 0.059 0.056 0.053 0.050 0.048 0.045 0.043 0.042 0.040 0.038 0.037 0.036 0.034 0.033 0.032 0.031 0.030 0.029 0.029 0.028 0.027 0.026 0.026 0.025 0.024 0.024 0.023
0.200 0.167 0.143 0.125 0.111 0.100 0.091 0.083 0.077 0.071 0.067 0.063 0.059 0.056 0.053 0.050 0.048 0.045 0.043 0.042 0.040 0.038 0.037 0.036 0.034 0.033 0.032 0.031 0.030 0.029 0.029 0.028 0.027 0.026 0.026 0.025 0.024 0.024 0.023 0.023
0.167 0.143 0.125 0.111 0.100 0.091 0.083 0.077 0.071 0.067 0.063 0.059 0.056 0.053 0.050 0.048 0.045 0.043 0.042 0.040 0.038 0.037 0.036 0.034 0.033 0.032 0.031 0.030 0.029 0.029 0.028 0.027 0.026 0.026 0.025 0.024 0.024 0.023 0.023 0.022
0.143 0.125 0.111 0.100 0.091 0.083 0.077 0.071 0.067 0.063 0.059 0.056 0.053 0.050 0.048 0.045 0.043 0.042 0.040 0.038 0.037 0.036 0.034 0.033 0.032 0.031 0.030 0.029 0.029 0.028 0.027 0.026 0.026 0.025 0.024 0.024 0.023 0.023 0.022 0.022
0.125 0.111 0.100 0.091 0.083 0.077 0.071 0.067 0.063 0.059 0.056 0.053 0.050 0.048 0.045 0.043 0.042 0.040 0.038 0.037 0.036 0.034 0.033 0.032 0.031 0.030 0.029 0.029 0.028 0.027 0.026 0.026 0.025 0.024 0.024 0.023 0.023 0.022 0.022 0.021
0.111 0.100 0.091 0.083 0.077 0.071 0.067 0.063 0.059 0.056 0.053 0.050 0.048 0.045 0.043 0.042 0.040 0.038 0.037 0.036 0.034 0.033 0.032 0.031 0.030 0.029 0.029 0.028 0.027 0.026 0.026 0.025 0.024 0.024 0.023 0.023 0.022 0.022 0.021 0.021
0.100 0.091 0.083 0.077 0.071 0.067 0.063 0.059 0.056 0.053 0.050 0.048 0.045 0.043 0.042 0.040 0.038 0.037 0.036 0.034 0.033 0.032 0.031 0.030 0.029 0.029 0.028 0.027 0.026 0.026 0.025 0.024 0.024 0.023 0.023 0.022 0.022 0.021 0.021 0.020
0.091 0.083 0.077 0.071 0.067 0.063 0.059 0.056 0.053 0.050 0.048 0.045 0.043 0.042 0.040 0.038 0.037 0.036 0.034 0.033 0.032 0.031 0.030 0.029 0.029 0.028 0.027 0.026 0.026 0.025 0.024 0.024 0.023 0.023 0.022 0.022 0.021 0.021 0.020 0.020
0.083 0.077 0.071 0.067 0.063 0.059 0.056 0.053 0.050 0.048 0.045 0.043 0.042 0.040 0.038 0.037 0.036 0.034 0.033 0.032 0.031 0.030 0.029 0.029 0.028 0.027 0.026 0.026 0.025 0.024 0.024 0.023 0.023 0.022 0.022 0.021 0.021 0.020 0.020 0.020
0.077 0.071 0.067 0.063 0.059 0.056 0.053 0.050 0.048 0.045 0.043 0.042 0.040 0.038 0.037 0.036 0.034 0.033 0.032 0.031 0.030 0.029 0.029 0.028 0.027 0.026 0.026 0.025 0.024 0.024 0.023 0.023 0.022 0.022 0.021 0.021 0.020 0.020 0.020 0.019
0.071 0.067 0.063 0.059 0.056 0.053 0.050 0.048 0.045 0.043 0.042 0.040 0.038 0.037 0.036 0.034 0.033 0.032 0.031 0.030 0.029 0.029 0.028 0.027 0.026 0.026 0.025 0.024 0.024 0.023 0.023 0.022 0.022 0.021 0.021 0.020 0.020 0.020 0.019 0.019
0.067 0.063 0.059 0.056 0.053 0.050 0.048 0.045 0.043 0.042 0.040 0.038 0.037 0.036 0.034 0.033 0.032 0.031 0.030 0.029 0.029 0.028 0.027 0.026 0.026 0.025 0.024 0.024 0.023 0.023 0.022 0.022 0.021 0.021 0.020 0.020 0.020 0.019 0.019 0.019
0.063 0.059 0.056 0.053 0.050 0.048 0.045 0.043 0.042 0.040 0.038 0.037 0.036 0.034 0.033 0.032 0.031 0.030 0.029 0.029 0.028 0.027 0.026 0.026 0.025 0.024 0.024 0.023 0.023 0.022 0.022 0.021 0.021 0.020 0.020 0.020 0.019 0.019 0.019 0.018
0.059 0.056 0.053 0.050 0.048 0.045 0.043 0.042 0.040 0.038 0.037 0.036 0.034 0.033 0.032 0.031 0.030 0.029 0.029 0.028 0.027 0.026 0.026 0.025 0.024 0.024 0.023 0.023 0.022 0.022 0.021 0.021 0.020 0.020 0.020 0.019 0.019 0.019 0.018 0.018
0.056 0.053 0.050 0.048 0.045 0.043 0.042 0.040 0.038 0.037 0.036 0.034 0.033 0.032 0.031 0.030 0.029 0.029 0.028 0.027 0.026 0.026 0.025 0.024 0.024 0.023 0.023 0.022 0.022 0.021 0.021 0.020 0.020 0.020 0.019 0.019 0.019 0.018 0.018 0.018
0.053 0.050 0.048 0.045 0.043 0.042 0.040 0.038 0.037 0.036 0.034 0.033 0.032 0.031 0.030 0.029 0.029 0.028 0.027 0.026 0.026 0.025 0.024 0.024 0.023 0.023 0.022 0.022 0.021 0.021 0.020 0.020 0.020 0.019 0.019 0.019 0.018 0.018 0.018 0.017
0.050 0.048 0.045 0.043 0.042 0.040 0.038 0.037 0.036 0.034 0.033 0.032 0.031 0.030 0.029 0.029 0.028 0.027 0.026 0.026 0.025 0.024 0.024 0.023 0.023 0.022 0.022 0.021 0.021 0.020 0.020 0.020 0.019 0.019 0.019 0.018 0.018 0.018 0.017 0.017
0.048 0.045 0.043 0.042 0.040 0.038 0.037 0.036 0.034 0.033 0.032 0.031 0.030 0.029 0.029 0.028 0.027 0.026 0.026 0.025 0.024 0.024 0.023 0.023 0.022 0.022 0.021 0.021 0.020 0.020 0.020 0.019 0.019 0.019 0.018 0.018 0.018 0.017 0.017 0.017
0.045 0.043 0.042 0.040 0.038 0.037 0.036 0.034 0.033 0.032 0.031 0.030 0.029 0.029 0.028 0.027 0.026 0.026 0.025 0.024 0.024 0.023 0.023 0.022 0.022 0.021 0.021 0.020 0.020 0.020 0.019 0.019 0.019 0.018 0.018 0.018 0.017 0.017 0.017 0.016
0.043 0.042 0.040 0.038 0.037 0.036 0.034 0.033 0.032 0.031 0.030 0.029 0.029 0.028 0.027 0.026 0.026 0.025 0.024 0.024 0.023 0.023 0.022 0.022 0.021 0.021 0.020 0.020 0.020 0.019 0.019 0.019 0.018 0.018 0.018 0.017 0.017 0.017 0.016 0.016
0.042 0.040 0.038 0.037 0.036 0.034 0.033 0.032 0.031 0.030 0.029 0.029 0.028 0.027 0.026 0.026 0.025 0.024 0.024 0.023 0.023 0.022 0.022 0.021 0.021 0.020 0.020 0.020 0.019 0.019 0.019 0.018 0.018 0.018 0.017 0.017 0.017 0.016 0.016 0.016
0.040 0.038 0.037 0.036 0.034 0.033 0.032 0.031 0.030 0.029 0.029 0.028 0.027 0.026 0.026 0.025 0.024 0.024 0.023 0.023 0.022 0.022 0.021 0.021 0.020 0.020 0.020 0.019 0.019 0.019 0.018 0.018 0.018 0.017 0.017 0.017 0.016 0.016 0.016 0.016
0.038 0.037 0.036 0.034 0.033 0.032 0.031 0.030 0.029 0.029 0.028 0.027 0.026 0.026 0.025 0.024 0.024 0.023 0.023 0.022 0.022 0.021 0.021 0.020 0.020 0.020 0.019 0.019 0.019 0.018 0.018 0.018 0.017 0.017 0.017 0.016 0.016 0.016 0.016 0.015
0.037 0.036 0.034 0.033 0.032 0.031 0.030 0.029 0.029 0.028 0.027 0.026 0.026 0.025 0.024 0.024 0.023 0.023 0.022 0.022 0.021 0.021 0.020 0.020 0.020 0.019 0.019 0.019 0.018 0.018 0.018 0.017 0.017 0.017 0.016 0.016 0.016 0.016 0.015 0.015
0.036 0.034 0.033 0.032 0.031 0.030 0.029 0.029 0.028 0.027 0.026 0.026 0.025 0.024 0.024 0.023 0.023 0.022 0.022 0.021 0.021 0.020 0.020 0.020 0.019 0.019 0.019 0.018 0.018 0.018 0.017 0.017 0.017 0.016 0.016 0.016 0.016 0.015 0.015 0.015
0.034 0.033 0.032 0.031 0.030 0.029 0.029 0.028 0.027 0.026 0.026 0.025 0.024 0.024 0.023 0.023 0.022 0.022 0.021 0.021 0.020 0.020 0.020 0.019 0.019 0.019 0.018 0.018 0.018 0.017 0.017 0.017 0.016 0.016 0.016 0.016 0.015 0.015 0.015 0.015
0.033 0.032 0.031 0.030 0.029 0.029 0.028 0.027 0.026 0.026 0.025 0.024 0.024 0.023 0.023 0.022 0.022 0.021 0.021 0.020 0.020 0.020 0.019 0.019 0.019 0.018 0.018 0.018 0.017 0.017 0.017 0.016 0.016 0.016 0.016 0.015 0.015 0.015 0.015 0.014
0.032 0.031 0.030 0.029 0.029 0.028 0.027 0.026 0.026 0.025 0.024 0.024 0.023 0.023 0.022 0.022 0.021 0.021 0.020 0.020 0.020 0.019 0.019 0.019 0.018 0.018 0.018 0.017 0.017 0.017 0.016 0.016 0.016 0.016 0.015 0.015 0.015 0.015 0.014 0.014
0.031 0.030 0.029 0.029 0.028 0.027 0.026 0.026 0.025 0.024 0.024 0.023 0.023 0.022 0.022 0.021 0.021 0.020 0.020 0.020 0.019 0.019 0.019 0.018 0.018 0.018 0.017 0.017 0.017 0.016 0.016 0.016 0.016 0.015 0.015 0.015 0.015 0.014 0.014 0.014
0.030 0.029 0.029 0.028 0.027 0.026 0.026 0.025 0.024 0.024 0.023 0.023 0.022 0.022 0.021 0.021 0.020 0.020 0.020 0.019 0.019 0.019 0.018 0.018 0.018 0.017 0.017 0.017 0.016 0.016 0.016 0.016 0.015 0.015 0.015 0.015 0.014 0.014 0.014 0.014
0.029 0.029 0.028 0.027 0.026 0.026 0.025 0.024 0.024 0.023 0.023 0.022 0.022 0.021 0.021 0.020 0.020 0.020 0.019 0.019 0.019 0.018 0.018 0.018 0.017 0.017 0.017 0.016 0.016 0.016 0.016 0.015 0.015 0.015 0.015 0.014 0.014 0.014 0.014 0.014
0.029 0.028 0.027 0.026 0.026 0.025 0.024 0.024 0.023 0.023 0.022 0.022 0.021 0.021 0.020 0.020 0.020 0.019 0.019 0.019 0.018 0.018 0.018 0.017 0.017 0.017 0.016 0.016 0.016 0.016 0.015 0.015 0.015 0.015 0.014 0.014 0.014 0.014 0.014 0.014
0.028 0.027 0.026 0.026 0.025 0.024 0.024 0.023 0.023 0.022 0.022 0.021 0.021 0.020 0.020 0.020 0.019 0.019 0.019 0.018 0.018 0.018 0.017 0.017 0.017 0.016 0.016 0.016 0.016 0.015 0.015 0.015 0.015 0.014 0.014 0.014 0.014 0.014 0.014 0.013
0.027 0.026 0.026 0.025 0.024 0.024 0.023 0.023 0.022 0.022 0.021 0.021 0.020 0.020 0.020 0.019 0.019 0.019 0.018 0.018 0.018 0.017 0.017 0.017 0.016 0.016 0.016 0.016 0.015 0.015 0.015 0.015 0.014 0.014 0.014 0.014 0.014 0.014 0.013 0.013
0.026 0.026 0.025 0.024 0.024 0.023 0.023 0.022 0.022 0.021 0.021 0.020 0.020 0.020 0.019 0.019 0.019 0.018 0.018 0.018 0.017 0.017 0.017 0.016 0.016 0.016 0.016 0.015 0.015 0.015 0.015 0.014 0.014 0.014 0.014 0.014 0.014 0.013 0.013 0.013
0.026 0.025 0.024 0.024 0.023 0.023 0.022 0.022 0.021 0.021 0.020 0.020 0.020 0.019 0.019 0.019 0.018 0.018 0.018 0.017 0.017 0.017 0.016 0.016 0.016 0.016 0.015 0.015 0.015 0.015 0.014 0.014 0.014 0.014 0.014 0.014 0.013 0.013 0.013 0.013
0.025 0.024 0.024 0.023 0.023 0.022 0.022 0.021 0.021 0.020 0.020 0.020 0.019 0.019 0.019 0.018 0.018 0.018 0.017 0.017 0.017 0.016 0.016 0.016 0.016 0.015 0.015 0.015 0.015 0.014 0.014 0.014 0.014 0.014 0.014 0.013 0.013 0.013 0.013 0.013

Vector b:
40x1
1.000
2.000
3.000
4.000
5.000
6.000
7.000
8.000
9.000
10.000
11.000
12.000
13.000
14.000
15.000
16.000
17.000
18.000
19.000
20.000
21.000
22.000
23.000
24.000
25.000
26.000
27.000
28.000
29.000
30.000
31.000
32.000
33.000
34.000
35.000
36.000
37.000
38.000
39.000
40.000

Solution x:
40x1
-12677.591
2335396.596
-105470510.069
2027072281.627
-20419683098.783
118412153153.084
-407030163864.578
799410246793.000
-744125099042.750
45962885475.625
102393869319.500
811325779214.000
-1033435099734.000
423132428636.000
-216405632824.000
-301319035332.000
-415892278756.000
1790704467104.000
730765617128.000
-1873139180148.500
-497704442658.000
-1220753686695.750
2305931494704.251
-406854676474.125
859243107898.875
-203810984213.188
-1066961281182.172
1047549635438.500
-720238457839.156
-285603655531.938
581565809456.703
-1857746809440.637
1566738825731.252
584493740532.398
1401584340507.904
-2732792222039.632
574793331051.929
41109503644.986
355071218574.339
-137879846330.292

Check A*x == b:
40x1
1.000
2.000
3.000
4.000
5.000
6.000
7.000
8.000
9.000
10.000
11.000
12.000
13.000
14.000
15.000
16.000
17.000
18.000
19.000
20.000
21.000
22.000
23.000
24.000
25.000
26.000
27.000
28.000
29.000
30.000
31.000
32.000
33.000
34.000
35.000
36.000
37.000
38.000
39.000
40.000

Jakobi method:
Matrix A^(-1):
40x40
200.135 -20168.408 662913.310 -10388368.183 90567465.912 -470930897.625 1482639742.313 -2680981325.625 2146801155.188 694026379.299 -2013249927.430 -286917030.125 1755471748.500 -715511811.250 -1543476667.000 5186358704.875 -3099626507.875 -1221959846.875 -4839607848.563 5114215218.834 1553131959.000 6061266938.906 -6785608789.063 -2900582475.750 -1303503783.375 4934489935.313 -1592558539.563 -1046195186.938 -142447681.000 5520569987.938 -878587161.125 -1161454360.375 -4734873109.000 -121592567.125 386554038.000 6772866185.125 -5051856692.500 2616534824.375 -2843792835.539 1129566800.215
-19745.420 2655885.930 -97933174.826 1629429129.623 -14717852124.781 78278416851.125 -250226898752.750 457439630328.500 -369765224133.500 -118646082364.734 350741306707.063 43195708405.500 -301576114375.000 134670094740.000 245828545613.000 -881562502101.000 529918553114.000 222303648673.000 810578931852.750 -851866291825.297 -286230670642.000 -1024743773623.000 1137267327063.500 500544074928.000 228161165005.500 -822747956766.500 280517916196.500 163350486189.125 -9931048954.000 -918207427141.500 159181940709.000 192798387155.000 798968838628.000 37179331800.000 -85679019772.000 -1137834447747.000 855606505818.000 -440987398852.000 474304297293.031 -187646552788.844
628417.060 -95071034.038 3728607736.100 -64354964778.844 595099227233.250 -3215348105609.000 10390679603140.000 -19139573084036.000 15542758901076.000 5073465915600.000 -15028655520416.500 -1539574608916.000 12657098073560.000 -6142534589448.000 -9555595972352.000 36813854943544.000 -22248857256520.000 -9964642823960.000 -33272807904874.000 34854869192600.625 12897387685168.000 42429411059032.000 -46739372843688.000 -21187810050280.000 -9782060503848.000 33663530751482.000 -12223075248308.000 -6159268112566.000 1971552471632.000 37453394673400.000 -7193458621652.000 -7868848836448.000 -33003753527592.000 -2222025016398.000 4436611571296.000 46807877715744.000 -35533232288448.000 18276687975004.000 -19433269623395.750 7650205734735.500
-9470273.216 1526706209.922 -62190217601.611 1099854111319.219 -10338420139368.000 56493177240084.000 -183987135463964.000 340568738161888.000 -276617922304064.000 -94088436926092.000 274928221908496.000 21794670222624.000 -224843427171792.000 118245882809920.000 156464662174496.000 -654625125178368.000 397520986295328.000 191159026594320.000 579808124033560.000 -606676176427636.500 -247026976468736.000 -745433535431080.000 815596262042400.000 381548038566816.000 178329265172668.000 -585311028114524.000 228801677899872.000 96027187887692.000 -66443944580032.000 -648539454448224.000 140862095734200.000 136546000100272.000 577830085362336.000 51630239624128.000 -95175152924896.000 -816350190869880.000 626618522279648.000 -322564882834576.000 338764688902478.000 -132554923697505.000
78937457.551 -13236218650.141 552977630130.703 -9947369563463.000 94608291172396.000 -521194138429520.000 1706498819362816.000 -3166647443824192.000 2560087691453248.000 931684002300840.000 -2642890593265632.000 -137490473001216.000 2072257050026112.000 -1183973498865664.000 -1314278124773888.000 6087004211715072.000 -3711640507943936.000 -1934403862652288.000 -5260353476620832.000 5509482810798308.000 2480199642003968.000 6815799587910784.000 -7407439652615168.000 -3591996399743616.000 -1699804113684736.000 5301416270597696.000 -2268424306750976.000 -740591474507552.000 967386792020736.000 5842464906741888.000 -1474423601842304.000 -1234556208816640.000 -5253679212997632.000 -602883278666112.000 1054937544114176.000 7396459639882176.000 -5753610381300992.000 2975197716528768.000 -3082940043614824.000 1197143340439776.000
-389642408.784 67083291540.076 -2852642267937.000 51945139477155.000 -498226897906712.000 2760134390607328.000 -9065213882775168.000 16818442739751424.000 -13446013230986112.000 -5415439815047208.000 14640279411467264.000 261244251489792.000 -10769674332249088.000 6758316010358784.000 6064693768561152.000 -32325521088278016.000 19786355197663232.000 11354402477891584.000 27062958910986624.000 -28443227306902824.000 -14360658892004352.000 -35317438782699904.000 38101870104887296.000 19328393937164288.000 9263243286562688.000 -27214251996348032.000 13113766916634624.000 2871162818746496.000 -7553764938473472.000 -29789989887072000.000 9090622713507584.000 6340532506557952.000 26954493362428928.000 3991158488932352.000 -6699855432380416.000 -37847007202069504.000 29952115091959808.000 -15656436338064640.000 15979496613444432.000 -6140121979727568.000
1151393658.664 -201949294907.344 8696915507078.250 -159735408174184.000 1540708220402560.000 -8561664539646464.000 28129439522194432.000 -51970014946121728.000 40619263328174080.000 19092701207554112.000 -47930813427258368.000 1406904108555264.000 31631236469352448.000 -22484236037812224.000 -14669639783182336.000 99661680883027968.000 -61301677166047232.000 -39897377743753216.000 -79694813131503616.000 84338463054744288.000 49544723005255680.000 104547240018891780.000 -111743489764444160.000 -60562422318237696.000 -29354169178510336.000 79622644578065408.000 -45757906435948544.000 -3986294958142976.000 34431684598808576.000 86556889904357376.000 -34249358785692672.000 -18802052390105088.000 -78206762784851968.000 -15813283809644544.000 25379828621099008.000 109789940846843900.000 -89148702706913280.000 47774125411137536.000 -47859269791201024.000 18077714503361280.000
-1912831203.449 339861521631.531 -14757862758083.000 272368197159216.000 -2632068384115200.000 14610118250241024.000 -47754833180270592.000 87042146473684992.000 -64513928446480384.000 -39796818727992576.000 88206153737788416.000 -9463565030137856.000 -45752059927945216.000 41080992910540800.000 11273855695028224.000 -164942040506056700.000 102750250222854140.000 81336338854404096.000 121012537412098050.000 -129706802216558460.000 -99232330502291456.000 -158080954151172100.000 166379943196286980.000 102935438325923840.000 49813095104620544.000 -117285024333973500.000 94134333671391232.000 -8727443316119552.000 -93342969914867712.000 -127857376073019390.000 77527868525113344.000 30133939646758912.000 111737626281000960.000 37758283000983552.000 -56406736611246080.000 -158655903684698110.000 135889356260868100.000 -78262654896709632.000 76231877823894784.000 -27698592307108352.000
1339134067.875 -238627958781.000 10338999635438.000 -189453917378464.000 1807599344850432.000 -9830099786289152.000 31055289391927296.000 -52873116637528064.000 29771128065499136.000 42906672648270592.000 -69988025816262656.000 22020038814302208.000 6245574738624512.000 -30593576198373376.000 28268394761043968.000 91715593578348544.000 -62610321338105856.000 -81570245659344896.000 -43463552328355840.000 48347286734011648.000 101252919492476930.000 48310784524161024.000 -46455869683638272.000 -63322558122524672.000 -26064721551441920.000 24527806353494016.000 -99447870566645760.000 40754862655287296.000 143739829318221820.000 37446400361340928.000 -94816777550290944.000 -19263576084725760.000 -12996183484809216.000 -52042637799391232.000 65223226614841344.000 29207635122290688.000 -42858025961979904.000 43833100275793920.000 -39298955153435648.000 11241321675780608.000
343366454.337 -69112981039.000 3366682816688.000 -69560427306560.000 755727641762304.000 -4772440919433216.000 18206488108531712.000 -41217244227092480.000 48845361628200960.000 -14050049821199360.000 -18757741057466368.000 -18845137452777472.000 60889496686788608.000 -7433679636004864.000 -76594940617064448.000 97384503268802560.000 -44700149031960576.000 12403185483808768.000 -108982608042598400.000 121660026925774850.000 -32589765219713024.000 167144611209510910.000 -178753824108052480.000 -50550256026320896.000 -43630476211904512.000 156967625333989380.000 22765230665957376.000 -51965471938805760.000 -108530610032017410.000 128004646335332350.000 42452665201917952.000 -5030589080305664.000 -163201182728552450.000 37755533116850176.000 -19697552295264256.000 201069396794802180.000 -148507604474462210.000 42829037490569216.000 -42481041351964672.000 21225091243235328.000
-152813840.432 41398290403.000 -2360589374000.000 53662469573376.000 -620285351811072.000 4084424493957120.000 -16042647771906048.000 37096781261570048.000 -44591635427721216.000 11537416393224192.000 26316333814538240.000 -7030517989965824.000 -22370448824532992.000 -13221974933504000.000 65877381054464000.000 -75581238812344320.000 27880316902572032.000 7134956829343744.000 77893028689215488.000 -99038030969495552.000 20567740509585408.000 -114744288112967680.000 121033130437967870.000 39664768851247104.000 48905563695153152.000 -140964251155464190.000 26159961409847296.000 21286549301821440.000 46856130367848448.000 -90877635018817536.000 -12269725079633920.000 8948224111280128.000 122414634371186690.000 -20119719767015424.000 -21246348805799936.000 -138165256557625340.000 129686685800988670.000 -37588312502108160.000 22616582950662144.000 -11539637697081344.000
-1904945077.117 334548140417.500 -14352646292896.000 261176061970432.000 -2477858461491200.000 13386295159226368.000 -41748383339839488.000 68304590589132800.000 -27900858057490432.000 -80486377100582912.000 102340244718698500.000 16874900965818368.000 -97590096861986816.000 99290886461194240.000 -29481249696120832.000 -160719174970900480.000 108312901009014780.000 99637736003469312.000 84117107688144896.000 -91539450284724224.000 -111252021699411970.000 -159448581105975300.000 137315469398507520.000 119784628147716100.000 45220192479608832.000 -49558701559414784.000 48147419514273792.000 -41307175961886720.000 -119985547492982780.000 -61425910410379264.000 109450992753311740.000 -18297956632887296.000 88532262371196928.000 34817118719574016.000 -16986868336295936.000 -138153980653338620.000 79843218631950336.000 -57493592752783360.000 80612035333332992.000 -30381368219729920.000
2039013841.438 -367574042568.000 16118011563648.000 -298846596044800.000 2881965003063296.000 -15794813274750976.000 49873561766330368.000 -82313307757215744.000 32714387514064896.000 102877886029488130.000 -132598376867233790.000 -14234956732301312.000 108006367277088770.000 -105317739015438340.000 40693929027305472.000 176799242391650300.000 -128753040637820930.000 -130391883570479100.000 -81519680672890880.000 109598600377171970.000 130613556661977090.000 179310131521519620.000 -121445949465952260.000 -175564671929548800.000 -74033951156994048.000 67465931528470528.000 -86559047774371840.000 88993605584420864.000 202804163642392580.000 16024566109306880.000 -119181888258572290.000 428811116609536.000 -125794023106412540.000 -52871940813881344.000 85841418641211392.000 174811817364160510.000 -154380763124465660.000 94429092186685440.000 -101137704932229120.000 38007796723105792.000
-1493937396.828 274027941704.000 -12259802432640.000 232961252255744.000 -2319887536128000.000 13316135134691328.000 -45447702495625216.000 89238792401584128.000 -84742887765442560.000 7694826513727488.000 22082238367989760.000 55493982777507840.000 -87716293768118272.000 59923779196813312.000 -21019953838686208.000 -135562180677337090.000 142868338158075900.000 12802162777128960.000 150610482000297980.000 -128595190108307460.000 -112464253255942140.000 -187540361794289660.000 178124557449691140.000 185061011223478270.000 10836631384752128.000 -93361696443727872.000 -8780830301224960.000 47207952762273792.000 -68601677799751680.000 -96248726469214208.000 -128277810251300860.000 173351431404781570.000 200645282241708030.000 53997098532601856.000 -136732508025782270.000 -292950175068979200.000 305909098780557310.000 -170233246757421060.000 147502773587476480.000 -56292164966416384.000
1418679487.188 -267230834808.000 12279719024128.000 -240319819470848.000 2479174593314816.000 -14903174988955648.000 54408120651481088.000 -119853963209080830.000 147993983766757380.000 -80619230998822912.000 12494245606785024.000 -54694966044131328.000 100984744922054660.000 -62585396431683584.000 -43245708218728448.000 202861308505227260.000 -148149465563267070.000 16642912166608896.000 -256264333181321220.000 189550447646588930.000 123010367730221060.000 287076935970324480.000 -338356132478713860.000 -189553610168729600.000 -872328785821696.000 195206285016694780.000 62003758584299520.000 -166447364161273860.000 -63549425137483776.000 261275860510703620.000 195454904310431740.000 -231230572005949440.000 -268135702406889470.000 -34400108632080384.000 99003110560628736.000 412861471916556290.000 -385893420215828480.000 215667130760691710.000 -195051057382948860.000 75059501914095616.000
1055831633.727 -184538301672.000 7899971545280.000 -143881134160896.000 1372054858088448.000 -7507997469245440.000 24161310300962816.000 -43539400321138688.000 34669199382282240.000 2451352634736640.000 2242045335044096.000 -52175036199731200.000 49316109297909760.000 -28688351930351616.000 24797385949446144.000 77129063457619968.000 -118462278173458430.000 26985022372184064.000 -96058328871337984.000 102563904044154880.000 34756590879899648.000 92579782406701056.000 -118220887455956990.000 -68121528703647744.000 7510442383769600.000 68463666893946880.000 -7919659902304256.000 -58821548707282944.000 8889157276401664.000 71665045373714432.000 116114230373253120.000 -91445945703596032.000 -141419078580436990.000 -40639711647629312.000 106855309654360060.000 144347661979090940.000 -139732229557321730.000 9498958483161088.000 883063590731776.000 5636790429089792.000
591303163.211 -101064618142.000 4178322746176.000 -72255301625856.000 636054103506944.000 -3031139765190656.000 7186813681008640.000 -2444826060521472.000 -30354075026194432.000 76857891273711616.000 -79346566916210688.000 42588413088235520.000 -38025592916934656.000 30366463117230080.000 24876910238498816.000 -31358640012656640.000 20612319055708160.000 -92236343461019648.000 124453432506712060.000 -63433833968607232.000 34477148262629376.000 -86344077589741568.000 82531407851945984.000 49091789252984832.000 -25485538003255296.000 -82164516607885312.000 -87876451730718720.000 147015106563932160.000 90138674463768576.000 -40764652591775744.000 -212863469254082560.000 105350076713402370.000 83824153391005696.000 51191688691974144.000 -90727956212613120.000 -92225740919013376.000 90601649669668864.000 14007157309571072.000 -14430010428489728.000 -2625541122801664.000
-5746477201.359 1043389835722.000 -46295043883328.000 873842961491968.000 -8657093243174912.000 49511004973400064.000 -168611978563289090.000 330385376165363710.000 -308451056809672700.000 -3366667258847232.000 168335911013941250.000 98561708934561792.000 -294456390774161410.000 247137817001984000.000 -36645206894837760.000 -541822334451318780.000 432426440457191420.000 222774697718448130.000 390252112848355330.000 -390997927667650560.000 -459692565049376770.000 -607245604715888640.000 770107883149852670.000 442496614295928830.000 71025416843821056.000 -366802710121676800.000 58728650003185664.000 121602235551973380.000 -180212742842482690.000 -514491638830596100.000 -24410135708827648.000 333863134235721730.000 605451672439750660.000 64322343125385216.000 -244103868996124670.000 -857731313616158720.000 716470904973950980.000 -303067583636832260.000 325703760001204220.000 -139219446356344830.000
1179321422.826 -236949178356.750 11647815432160.000 -244606526236160.000 2719563783174144.000 -17740572682534912.000 71084103411793920.000 -175300908383207420.000 251894298199228420.000 -175549266017605630.000 34740473043992576.000 -86917441654292480.000 258129008613916670.000 -237276122574487550.000 19055126082224128.000 165806640483663870.000 -59355762101714944.000 -92446736666984448.000 -147943891292389380.000 41722726807185408.000 260065184071024640.000 338418995816267780.000 -366761007585820670.000 -335735899249442820.000 18956596806713344.000 127176242440994820.000 196774763678138370.000 -124583161897533440.000 49180605541515264.000 147154429968384000.000 118427827039698940.000 -220005709996097540.000 -300774565725077500.000 -79094630391349248.000 148047070982832130.000 529333072262660100.000 -323219001690816510.000 41267590729826304.000 -183213771079249920.000 106197324947578880.000
2954266968.996 -510364304960.500 21406970725392.000 -377833438343936.000 3435085397452800.000 -17402610603532288.000 48450381579124736.000 -58848418973155328.000 -32344413202251776.000 173974320803665920.000 -147254735229943810.000 3087088653631488.000 -840344803672064.000 -26074089365438464.000 40356045573980160.000 290266804104331260.000 -283422805025488900.000 -98409789192273920.000 -158344366055325700.000 227170934981507070.000 133638850690154500.000 181121896380235780.000 -262978514283397120.000 -28995624469528576.000 -103619205086412800.000 170088458861936640.000 -184205759862669310.000 -26800554843406336.000 156708882175754240.000 193149926621184000.000 -33793756582182912.000 -117377827402547200.000 -180512177118380030.000 38349237869379584.000 96560884030898176.000 148546504789786620.000 -252452884592197630.000 134772073668870140.000 -16414414650265600.000 -9228154654552064.000
798121595.742 -152585572950.000 7046735484000.000 -137274133264896.000 1394367181328384.000 -8133902355005440.000 28150345010053120.000 -56086352399040512.000 54722126143029248.000 -7412699965440000.000 -15156258903801856.000 -18556617535258624.000 16726697302818816.000 9385586778439680.000 -24757151242911744.000 111273967855599620.000 -86574207079284736.000 -32481704026046464.000 -135735739358707710.000 161945520380760060.000 119620787548192770.000 16115621710004224.000 -162162829866434560.000 -73231652559257600.000 72926854980894720.000 77403778315845632.000 -73369142198534144.000 -27822774036037632.000 -23088280512757760.000 194276782964998140.000 -33496242236686336.000 -44887441353736192.000 -80931012943282176.000 -78890951414644736.000 96762097849860096.000 87383013173362688.000 -100281915446657020.000 113988157562290180.000 -119723723961401340.000 40835272788779008.000
2102935123.045 -379947125292.250 16683161669864.000 -309994642565504.000 3003807514910720.000 -16635812368703488.000 53784181999747072.000 -94709862427787264.000 58430004526104576.000 72283904818691072.000 -121995449254019070.000 6775024511418368.000 71830794698031104.000 -61103753535946752.000 -4286991518466048.000 198704797445586940.000 -161186231274962940.000 -76455036686761984.000 -98617758095441920.000 178409689890286590.000 -19030482510413824.000 249746303330074620.000 -172471708868575230.000 -107861948449095680.000 -107590946970861570.000 179859209528295420.000 -94598988260147200.000 -10200313384370176.000 78996419200417792.000 124583592331673600.000 -51558888415887360.000 -11111592223834112.000 -184619782990462980.000 52686291715686400.000 16256890461224960.000 176362036113211390.000 -198814665870934020.000 109378929812504580.000 -47918667221127168.000 9970689328078848.000
-4832090559.388 870380849856.500 -38141915810512.000 707329314225920.000 -6834383099134976.000 37669964233408512.000 -120787721027764220.000 209645260470255620.000 -126013770523803650.000 -147034587689528320.000 210858341076590590.000 55606592680755200.000 -181691700026015740.000 167332931156574210.000 -17678242343223296.000 -566400174250262530.000 436134377733226500.000 268636565301952510.000 353491930265026560.000 -511906714089760770.000 -304116363311579140.000 -452379774725619710.000 636056860538798080.000 297098704904454140.000 70747966781095936.000 -364277713674469380.000 209224381974151170.000 127338447550922750.000 -283465800774582270.000 -482136458528456700.000 131527150620016640.000 270484431426945020.000 438336333238960130.000 -23508411740553216.000 -230887548081668100.000 -468790445692026880.000 480353873587470340.000 -248391234292154370.000 216636247946299390.000 -81549365865144320.000
899037444.973 -158853917370.125 6825485897480.000 -123874368795648.000 1166700194081792.000 -6217683736244224.000 18919781348286464.000 -29372787971178496.000 8594852229578752.000 36952448593772544.000 -34920754503974912.000 -16866299310800896.000 22043499121901568.000 -404896414236672.000 -21566956738936832.000 97840269506904064.000 -59288789093515264.000 -45573223734378496.000 -85263061827584000.000 116119246928028160.000 32360735871074304.000 93371090719547392.000 -154770654695653380.000 -2866775284252672.000 3820037110587392.000 48570722388688896.000 -21844375792812032.000 -104907819399979010.000 58710268285353984.000 158402175330140160.000 -20386627724148736.000 -67054338454618112.000 -98037705795239936.000 15797998419787776.000 5317575296024576.000 140587124584235010.000 -98931211028987904.000 15980752057237504.000 -14479098110394368.000 8314987653955584.000
614687517.813 -124341945448.438 6176909717644.000 -131376453474816.000 1481882771871232.000 -9829533177864192.000 40240945911087104.000 -102708221688520700.000 159360967085727740.000 -144456505462710780.000 99824885343006720.000 -143857402064273410.000 212841611557388290.000 -154209584545890300.000 3576797077635072.000 114022155623530500.000 -55214030296252416.000 -30341134303821824.000 -137991398097870850.000 44892374919796736.000 221540957296230400.000 158923584937009150.000 -233478579088687100.000 -215503405182615550.000 41116276840710144.000 41199377056927744.000 136193096352088060.000 -80060325358305280.000 66725788839968768.000 86414412965265408.000 108444371388301310.000 -246352123840921600.000 -146584240978313220.000 -24420554963845120.000 58207839958532096.000 333332145572380670.000 -133935308414451710.000 -4532869720113152.000 -153908105119819780.000 89169175607634944.000
-1131577900.041 208026213419.406 -9502449020946.000 187645988280608.000 -1981074193459712.000 12383888517653504.000 -48057357100699648.000 116827911030276100.000 -173182235044192260.000 149738744033915900.000 -98446005905340416.000 141078693474717700.000 -208433643185004540.000 153213161992830980.000 -30645330670977024.000 -43339991429005312.000 20242063170174976.000 -18552589630234624.000 111404204963917820.000 46201969053483264.000 -192827542080192510.000 -143145253401391100.000 150091470166327300.000 158587628418351100.000 -7593365335250944.000 -5807902233556992.000 -167712557545996290.000 132660306605645820.000 -64160840730460160.000 -10511130821500928.000 -157533026776969220.000 125975302013878270.000 125796411917107200.000 106432826270892030.000 -36298873522962432.000 -352572798076768260.000 197236028826271740.000 -27977753749618688.000 92680466920513536.000 -51950156681734656.000
1639770064.388 -276657551037.332 11341742599046.250 -195291894081844.000 1722654677563680.000 -8357171232440448.000 21459810523081984.000 -19363584787686400.000 -35056196332887552.000 102454616538366880.000 -74362412912142336.000 4086587872519168.000 -5848493952721920.000 -65365480899211264.000 142813353876281340.000 49273917910243328.000 -100988809940457470.000 -134633262976445440.000 82544685276608000.000 -20267672760171552.000 133071610024587260.000 -31129172595167744.000 36300610640117760.000 -41413888961524736.000 -68103971526778368.000 -55957305126464768.000 -14459364078417920.000 72208739503598592.000 195356372235728900.000 -122553002223329280.000 -121213797672513540.000 66230089049220096.000 38406564467210240.000 -51704805662097920.000 90759625910691840.000 -92238154149475328.000 -22758944344492032.000 60301036451194880.000 4027304028187872.000 -15057863741657344.000
-3545686840.630 639755943077.219 -28183237288978.000 527445669104576.000 -5170208375592192.000 29164274640600064.000 -97445662962102272.000 185441333173760000.000 -163433429975785470.000 -10773176334293504.000 79030892885144576.000 75986052490088448.000 -166679033972596740.000 186100088822792190.000 -103354456749506560.000 -329039159031185410.000 293137139665141760.000 186206674313928700.000 199280304572452860.000 -245331200098764540.000 -274950796021776380.000 -372371092594200580.000 428361077980119040.000 262872561753022460.000 78513402498138112.000 -113666437248139260.000 -32629010860703744.000 53312130308577280.000 -194835119821897730.000 -255082748545466370.000 -41467006165880832.000 290064831813287940.000 339004108789383170.000 53921553862643712.000 -173932207798943740.000 -550620803855548420.000 437888301368475650.000 -142296910097080320.000 178600863218426880.000 -84307028068820480.000
3885626049.096 -710633492581.953 31902432166460.250 -612332614984544.000 6209176579862656.000 -36709672982617344.000 131531467289152510.000 -281878263020746750.000 327142157775109120.000 -133081160543079040.000 -38691745620929536.000 -117833572864735230.000 330545674538760190.000 -297347470004948990.000 22437912111071232.000 392118824561672190.000 -287462547952893950.000 -37490734179741696.000 -426849503143917570.000 297766346164660220.000 268019647489306620.000 605805546739362820.000 -636406895994847230.000 -355462614149173250.000 -78474220777510912.000 304859137314552320.000 101993320189448190.000 -237337143021760510.000 72256441827311616.000 352263053848229890.000 341084301290752000.000 -442004912868737020.000 -533988544535246850.000 -122192974941325310.000 279920383557820420.000 877346113939834880.000 -778541970960621570.000 241971141380521980.000 -213589842323537660.000 102654278560856700.000
360094868.027 -68688859209.773 3125487796789.000 -59172394411096.000 572805360927744.000 -3076484416439808.000 9081663745732608.000 -11966442853603328.000 -4587156027816960.000 30784846852279424.000 -18583649575268352.000 -14942160086310912.000 -13031038627911680.000 56287099060477952.000 -55049930351845376.000 86466778674880512.000 -48733624053415936.000 -82087923035049984.000 15821741190360064.000 66908575953436352.000 58495684969676800.000 -22302277520752640.000 -112117353940639740.000 31245972052328448.000 65663795742249984.000 31144373075427328.000 -141981808288145410.000 -2686208217184768.000 48518290896158720.000 200869596895264770.000 -243223487225782270.000 96116555098157056.000 26077284256612352.000 -23439379454518272.000 -162604788477116420.000 85767347320305664.000 151463298061467650.000 -68147358451044352.000 -67698933015716096.000 35030409050691072.000
-2098115169.304 384456522559.188 -17235536914861.500 329031044500020.000 -3297250193804416.000 19035752696274176.000 -64885969880668672.000 123115829137225730.000 -90469874425142272.000 -83617439282880320.000 173304633830095620.000 4201545999978496.000 -129403964779915260.000 -40490084335403008.000 243200518327670780.000 -311028479864580100.000 143456947863459840.000 34397842274179072.000 281783788691641860.000 -346878466201691650.000 -22629992991072256.000 -352279968780473340.000 541650068388960260.000 68860274892853248.000 12242369170878464.000 -425313225049334270.000 235230647724232700.000 88171250482584064.000 78831167034089472.000 -499718143395526660.000 321424214431272960.000 -84573462957561856.000 131509752686143490.000 18261656030317568.000 149718283321323520.000 -311671087127474180.000 71285291748229120.000 -107670778839154690.000 222413736551940420.000 -88479559758828544.000
3454314707.105 -625239799738.563 27509816370948.000 -511895746554576.000 4958040178030288.000 -27327317366453376.000 86963424046134272.000 -145234344296210940.000 59782412721002496.000 184780544803271300.000 -252952999857258370.000 15572006468867584.000 76780491246645248.000 71936348620937216.000 -206601760120492030.000 399450209957466110.000 -237524740334819330.000 -103649231814787070.000 -327566360408564480.000 407294547903153340.000 72661190208329728.000 428170163798604540.000 -520281824533664770.000 -127992044267213820.000 -113758661107180030.000 407880905356231420.000 -254886317445249020.000 -22348869732456704.000 -50803010481737728.000 572756994717494780.000 -292404934819928580.000 -2277483628893184.000 -235735913019189250.000 8545954288168960.000 -35077224110770176.000 310459880566055940.000 -226519255593510910.000 247851350876308480.000 -254937078767679100.000 82519909892801888.000
-1493107962.672 246292146327.876 -9733430799226.031 158216194082736.500 -1267990026331940.000 5093449021290656.000 -7162789499251008.000 -18784302234302208.000 93385347890861120.000 -144685089526578880.000 85975506190050512.000 -41231917431294336.000 88350518605300096.000 -978350505352704.000 -82404372505780992.000 -113994451750363390.000 93269593516413184.000 155361768380355330.000 -53031693072424384.000 1589450470064320.000 -111860883167506690.000 41076783754238592.000 -4707349939431552.000 -70052165977874432.000 22667070925132736.000 32173124108556288.000 178145009815923200.000 1862606068897344.000 -150477874100120580.000 -85734287230830592.000 34276862510412544.000 35270254198016000.000 -14810943101691264.000 72493651559854208.000 -85987386884311040.000 77122211774180736.000 43632310487059456.000 -97646733471155200.000 -524037919002328.000 23448374497556248.000
-2312687102.180 439465321676.938 -20318221464475.531 399091022994487.750 -4120831886077164.000 24701943848600056.000 -89354329571793120.000 192312300075187780.000 -222254705279341500.000 87675584220940672.000 27551876559708144.000 69938562170919680.000 -166238807947250820.000 112776382395755520.000 15687327117827712.000 -258850130836486270.000 231220587717777790.000 4675884761996800.000 266600277192851680.000 -200909084389550690.000 -206363236459955970.000 -297018389765914620.000 284780865185546690.000 288804512783637380.000 73795085385532864.000 -145876099098518180.000 -74647315645464704.000 68439903514578912.000 -56249659828052992.000 -257142865764476670.000 -114019162537838140.000 231037627498794370.000 404835130887588160.000 71200740695422144.000 -227637799289219840.000 -566477688785576130.000 505400338573569540.000 -156312145181150210.000 159968538896205440.000 -78310425822537824.000
-3724870757.071 666000405605.561 -29118370355710.234 541340279602458.500 -5271867444835718.000 29500117280206064.000 -97213506829593664.000 178508679756277380.000 -132893333560235200.000 -80249109447458176.000 158787213917572160.000 58363465709731968.000 -201949171533131650.000 145378216075266560.000 -1027609579237120.000 -304975991051433470.000 201903432981576700.000 161070988672132740.000 249384249027103580.000 -296132937141601980.000 -155432250287072770.000 -446245156909343230.000 458880178457550340.000 266287462891215100.000 92138293221074496.000 -292671196223559100.000 89889703239397248.000 2907520890221600.000 -82831240948008448.000 -299604929773233920.000 175387482689990660.000 80489872821213696.000 223811065503022980.000 -52667880148584832.000 59217275072683008.000 -423633211290279300.000 277982342100009220.000 -124691805591731460.000 147087843416912510.000 -59997087266248576.000
6253382414.371 -1105482319364.576 47726490967495.344 -874408801755549.750 8367010163012484.000 -45786631190796736.000 146277635677150210.000 -254846248191932800.000 159461497119254750.000 169652537184604800.000 -278064361396254400.000 -4454239638968192.000 198167460724083390.000 -286858842842220670.000 187406650817717760.000 461993225700226050.000 -381701618423544580.000 -321934511262962620.000 -252912462836234110.000 305907624096498110.000 387858215085871620.000 469252112006269500.000 -433850416596609410.000 -363613450062819580.000 -233103960781322340.000 282586282664776540.000 -182787764908633410.000 42631898615414032.000 378301717214487040.000 262186319136259840.000 -112387479603911170.000 -191812089310273790.000 -413273025295739900.000 -78823241096108928.000 199953701713672450.000 638354530377537790.000 -588605510849484030.000 224048915536424580.000 -157589215619989980.000 60825512113752304.000
703620976.539 -148755467401.321 7590562117753.100 -164346086719857.000 1879659843458998.500 -12641908521808488.000 52705057557066152.000 -138566671223747040.000 227343137528775710.000 -230044610208264220.000 173163929240234660.000 -188779315422873090.000 227665815838793310.000 -139968622890507680.000 -36734894015126544.000 187549196435333790.000 -147360836732999940.000 34136988736613924.000 -191707984777109500.000 106582780464326720.000 203998821639886240.000 199374459520847680.000 -330440868801320700.000 -265194247578334210.000 176525484626791010.000 45871841363307208.000 214007092180920000.000 -259111677244477220.000 -37316161221244304.000 244129963673526300.000 255800863426792220.000 -354161401023711680.000 -239942267443232160.000 -68884390426485696.000 184021305483369470.000 477895076412361280.000 -418153156745499460.000 90259738759869696.000 -107329956810156430.000 63584662899783960.000
-2091424580.336 387679277706.682 -17603739434118.523 341443984773060.560 -3499605717710791.000 20955767441554192.000 -76501983662374256.000 169911361925651200.000 -217023302534664610.000 139205784608589650.000 -59340478483262296.000 124096214258212450.000 -211047579641933180.000 210835866941322210.000 -66867865050437792.000 -249899529391478210.000 209941268337058750.000 95361095804386624.000 155083921982580700.000 -121833369706288480.000 -292856337029378690.000 -217574828661915010.000 312849826072692290.000 306849867151019260.000 -63226933645535584.000 -74115073358690528.000 -178468507173757180.000 217393768362775040.000 -109369894391599460.000 -145624005219397920.000 -301121532536892800.000 377848034679452160.000 285733927878291010.000 131202167307122720.000 -216772161405829730.000 -610722023597131010.000 519686782055576380.000 -102271596537297700.000 104067032307663620.000 -63210304974294096.000
-559348698.314 88463356357.391 -3380886719407.471 53563130870246.953 -422546786188255.120 1707491973155101.000 -2745500878879536.000 -3699377583025733.000 22446803905262432.000 -31739735834957856.000 8072700838016827.000 11749443070190900.000 -5765829843061964.000 31158611845394944.000 -42994348030524248.000 -25078966801176700.000 33709868881239572.000 15627760214425360.000 5018507819642049.000 11989071417047934.000 -40243482120357552.000 6505413871699549.000 -10039394142274596.000 -7184144114459500.000 -4163500311039727.000 16656961877060020.000 94434379137269584.000 -43089577745443000.000 -83913347242216192.000 -42867423830136592.000 131029863910428590.000 -27396653934584172.000 -776896348752420.000 -20261546614304764.000 -78378994290257424.000 114621305100150270.000 8746721760544.000 -32590299678459968.000 -15817864321809310.000 14382230380802988.000
535579160.446 -90429540246.261 3739722074575.937 -65692749428057.297 602289799989669.620 -3152291909172148.500 9623104555908522.000 -16226380539351824.000 11783296092477612.000 613333555378798.000 2805114756604482.000 -17748132379950450.000 25595291959383324.000 -47488560191350144.000 40407452838740288.000 39131504821298904.000 -41525423007325048.000 -26642266485629652.000 -9154719888304394.000 -482499526162600.810 62102443047758272.000 10203981283709002.000 -20484210750565576.000 -32955580749930268.000 8919162669461529.000 -7437224027663375.000 -20961268456683216.000 -5803761795971652.000 66939471791703256.000 20039797175660356.000 -17478517075414134.000 -37741731830409872.000 -28622633320226396.000 -12395693929524926.000 72168737721724864.000 16631512869964914.000 -65394093472773856.000 24302550546446776.000 1154264022091269.000 -1266277512162913.500

Check A * (A^-1) == E:
40x40
0.978 3.915 -173.210 3261.400 -32274.303 185010.313 -637282.813 1298483.625 -1421455.188 614750.201 -162811.570 837450.625 -1379583.500 1634978.250 -703991.750 -2480027.875 2002656.875 1278688.375 1179049.063 -1094468.834 -2670417.000 -1693139.906 2627707.063 2186750.750 -463525.875 -600455.813 -697063.438 1812906.938 -1311696.500 -1700953.938 -2308082.875 3223884.375 2329414.000 1251774.125 -1997856.000 -4703757.125 4332046.500 -1173664.875 879813.539 -445946.215
-0.020 4.660 -161.943 3049.359 -30177.041 172999.594 -595963.125 1214490.625 -1329985.500 575996.977 -153119.367 783648.438 -1290795.375 1529534.000 -658841.250 -2318126.625 1872475.375 1195000.750 1102090.719 -1022422.219 -2497453.000 -1582958.844 2456474.188 2045741.875 -433508.094 -560707.625 -654059.813 1695304.844 -1226371.500 -1588516.563 -2159493.938 3014838.375 2178044.625 1170874.625 -1868356.500 -4399563.063 4051631.250 -1096960.625 822347.066 -417011.410
-0.019 3.437 -151.086 2863.833 -28342.254 162489.063 -559799.094 1140958.500 -1249842.938 541932.631 -144516.688 736493.875 -1213006.500 1437166.750 -619238.125 -2176576.750 1758572.000 1121858.375 1034823.469 -959535.025 -2346031.000 -1486599.031 2306746.375 1922242.750 -407230.250 -526054.750 -616121.875 1592381.297 -1151723.500 -1490417.188 -2029284.750 2831871.875 2045627.250 1100018.688 -1754999.000 -4133225.250 3806118.000 -1029900.375 772114.973 -391696.586
-0.018 3.241 -143.384 2701.039 -26722.047 153207.438 -527862.906 1075996.375 -1179002.781 511744.758 -136831.914 694801.313 -1144247.375 1355538.375 -584206.875 -2051665.250 1658012.375 1057330.375 975468.438 -904107.615 -2212271.000 -1401545.125 2174604.688 1813084.125 -384022.375 -495534.469 -582398.188 1501489.344 -1085816.250 -1403992.500 -1914168.813 2670276.875 1928707.875 1037405.813 -1654880.000 -3897928.000 3589242.000 -970734.375 727799.805 -369343.887
-0.017 3.066 -135.642 2554.296 -25279.414 144948.313 -499436.375 1018159.438 -1115899.938 484796.023 -129929.430 657653.375 -1082996.625 1282837.250 -552984.500 -1940582.875 1568525.625 999954.750 922681.375 -854854.354 -2093202.500 -1325878.844 2057056.188 1715875.125 -363363.844 -468425.750 -552222.313 1420593.219 -1027167.750 -1327233.875 -1811636.813 2526450.000 1824677.250 981654.750 -1565761.000 -3688446.563 3396167.500 -918114.125 688394.211 -349450.695
-0.016 2.909 -128.707 2423.751 -23988.873 137549.078 -473965.906 966329.313 -1059311.406 460579.664 -123688.617 624340.000 -1028079.500 1217661.750 -524976.500 -1841100.750 1488368.125 948584.875 875416.500 -810801.740 -1986499.250 -1258102.313 1951785.313 1628738.375 -344847.563 -444206.875 -525050.750 1348106.266 -974630.500 -1258591.188 -1719683.063 2397572.000 1731483.125 931678.844 -1485897.000 -3500687.313 3223143.000 -871004.500 653103.637 -331627.969
-0.015 2.768 -122.455 2306.060 -22824.684 130877.383 -451000.844 919591.875 -1008269.594 438705.152 -118032.445 594284.625 -978537.063 1158874.875 -499703.875 -1751467.875 1416108.500 902306.750 832830.344 -771129.207 -1890285.750 -1197011.094 1856920.688 1550130.250 -328156.375 -422395.563 -500460.000 1282763.969 -927279.250 -1196797.750 -1636742.375 2281378.000 1647471.250 886613.406 -1413899.500 -3331374.125 3067128.000 -828554.063 621314.516 -315562.098
-0.015 2.640 -116.791 2199.429 -21769.807 124832.055 -430189.625 877221.563 -961980.219 418837.010 -112870.461 567025.438 -933612.938 1105577.750 -476779.625 -1670274.500 1350636.000 860394.750 794255.063 -735212.219 -1803088.000 -1141665.375 1770964.875 1478863.625 -313026.344 -402664.625 -478090.563 1223543.016 -884369.000 -1140875.688 -1561528.438 2176078.000 1571350.500 845757.031 -1348648.000 -3177895.688 2925709.250 -790108.125 592520.547 -301000.938
-0.014 2.523 -111.634 2102.336 -20809.164 119327.313 -411236.250 838635.313 -919806.563 400707.332 -108140.281 542184.750 -892685.813 1057022.125 -455887.375 -1596363.000 1291018.500 822252.313 759139.063 -702543.475 -1723667.250 -1091274.906 1692722.688 1413941.500 -299248.063 -384714.594 -457653.000 1169613.500 -845305.750 -1090013.188 -1493003.625 2080181.875 1502033.250 808545.031 -1289217.500 -3038107.125 2796907.000 -755114.188 566308.438 -287743.281
-0.013 2.416 -106.918 2013.550 -19930.715 114292.586 -393903.219 803336.375 -881217.625 384104.684 -103794.164 519454.500 -855235.000 1012600.625 -436767.000 -1528792.875 1236498.750 787380.125 727031.094 -672684.074 -1651023.250 -1045194.500 1621175.125 1354545.125 -286643.156 -368325.156 -438908.063 1120290.000 -809583.000 -1043545.250 -1430300.000 1992465.250 1438647.000 774501.250 -1234860.500 -2910233.563 2679097.000 -723124.313 542342.340 -275616.145
-0.013 2.318 -102.588 1932.031 -19124.229 109670.031 -377982.563 770914.313 -845764.500 368826.711 -99785.672 498569.500 -820825.938 971794.875 -419198.750 -1466765.875 1186441.375 755377.313 697558.500 -645284.766 -1584317.000 -1002888.344 1555491.625 1299980.125 -275065.719 -353279.188 -421647.063 1074995.453 -776789.000 -1000918.625 -1372697.188 1911923.375 1380439.500 743235.656 -1184944.500 -2792785.688 2570902.250 -693757.125 520343.066 -264480.082
-0.012 2.228 -98.598 1856.909 -18380.938 105410.188 -363312.688 741036.250 -813083.219 354735.689 -96078.570 479316.063 -789105.375 934180.125 -403002.625 -1409622.125 1140314.250 725895.813 670402.219 -620053.906 -1522832.500 -963899.969 1494972.750 1249683.000 -264399.219 -339438.625 -405702.375 1033257.063 -746564.500 -961667.313 -1319596.625 1837698.375 1326802.000 714417.875 -1138944.250 -2684538.375 2471184.500 -666702.125 500077.090 -254218.543
-0.012 2.145 -94.910 1787.473 -17693.771 101471.773 -349750.094 713404.563 -782851.719 341687.510 -92636.680 461504.625 -759767.563 899391.000 -388019.000 -1356802.250 1097673.625 698650.000 645304.125 -596743.260 -1465988.750 -927861.438 1439024.188 1203165.375 -254534.844 -326647.125 -390929.500 994664.750 -718628.500 -925410.188 -1270488.250 1769072.375 1277220.563 687770.156 -1096412.500 -2584446.500 2378979.500 -641700.500 481343.648 -244728.758
-0.011 2.068 -91.490 1723.070 -17056.539 97818.734 -337168.688 687778.063 -754807.969 329572.602 -89437.969 444982.938 -732551.313 867124.875 -374118.875 -1307820.875 1058129.500 673390.813 622030.000 -575130.592 -1413264.500 -894444.531 1387149.438 1160010.625 -245387.688 -314786.750 -377203.625 958876.188 -692720.000 -891810.125 -1224928.688 1705423.375 1231239.500 663053.781 -1056965.000 -2491598.250 2293457.750 -618515.125 463977.371 -235929.414
-0.011 1.996 -88.309 1663.189 -16464.039 94422.633 -325469.469 663942.875 -728719.344 318295.449 -86450.211 429608.938 -707233.688 837107.625 -361185.750 -1262295.125 1021361.875 649908.563 600395.344 -555044.783 -1364229.500 -863367.250 1338919.125 1119877.000 -236877.625 -303777.391 -364411.438 925592.547 -668628.250 -860585.125 -1182548.750 1646233.000 1188477.375 640065.219 -1020283.750 -2405248.188 2213925.500 -596965.938 447830.895 -227745.941
-0.011 1.929 -85.344 1607.357 -15911.549 91255.320 -314559.625 641712.500 -704384.813 307766.543 -83660.086 415270.188 -683614.250 809114.625 -349125.750 -1219846.000 987074.000 628020.063 580218.906 -536321.864 -1318506.500 -834394.906 1293941.938 1082436.625 -228943.938 -293508.313 -352470.063 894553.750 -646171.000 -831482.438 -1143024.250 1591038.625 1148604.688 618627.500 -986077.500 -2324727.125 2139756.750 -576872.375 432775.805 -220114.402
-0.010 1.866 -82.573 1555.178 -15395.123 88295.367 -304363.750 620935.875 -681635.781 297920.285 -81041.031 401865.750 -661536.000 782946.375 -337847.250 -1180177.000 955032.375 607564.000 561369.031 -518840.269 -1275773.250 -807314.344 1251919.813 1047442.375 -221528.844 -283920.078 -341288.813 865550.594 -625181.250 -804297.063 -1106070.938 1539451.000 1111342.188 598588.719 -954106.500 -2249459.313 2070427.250 -558102.125 418706.465 -212981.254
-0.010 1.807 -79.977 1506.303 -14911.463 85522.953 -294813.031 601470.625 -660320.156 288685.248 -78583.844 389303.938 -640850.563 758428.750 -327278.375 -1143029.875 925023.250 588413.438 543711.563 -502462.082 -1235733.625 -781950.156 1212561.375 1014654.750 -214579.063 -274943.391 -330797.375 838376.672 -605519.250 -778854.250 -1071445.500 1491127.875 1076441.563 579814.813 -924156.250 -2178931.438 2005487.500 -540520.500 405534.273 -206299.988
-0.010 1.752 -77.540 1460.425 -14457.453 82919.156 -285843.625 583195.906 -640301.625 280009.930 -76270.359 377506.688 -621421.438 735405.375 -317355.625 -1108155.625 896844.375 570433.125 527137.250 -487091.205 -1198145.625 -758134.250 1175602.438 983863.875 -208055.188 -266518.547 -320932.625 812865.125 -587065.250 -754975.563 -1038939.000 1445759.625 1043671.688 562189.094 -896038.750 -2112721.688 1944506.000 -524016.938 393164.184 -200026.172
-0.009 1.700 -75.249 1417.265 -14030.383 80471.195 -277408.969 566001.875 -621471.469 271845.465 -74090.289 366408.625 -603145.250 713747.750 -308019.125 -1075360.750 870344.250 553530.313 511548.656 -472639.024 -1162792.500 -735742.938 1140853.313 954903.063 -201920.094 -258600.188 -311645.063 788870.094 -569709.000 -732523.250 -1008351.313 1403084.250 1012851.625 545609.313 -869589.500 -2050442.875 1887147.750 -508496.563 381533.625 -194126.840
-0.009 1.652 -73.089 1376.600 -13627.861 78163.336 -269459.375 549801.438 -603718.563 264142.904 -72033.203 355947.250 -585918.250 693335.500 -299218.875 -1044456.750 845368.625 537600.438 496862.000 -459024.148 -1129472.875 -714638.406 1108108.875 927605.188 -196137.594 -251136.703 -302882.625 766259.172 -553351.500 -711373.250 -979524.375 1362869.250 983803.250 529982.813 -844667.750 -1991747.344 1833098.875 -493875.625 370574.336 -188564.758
-0.009 1.606 -71.051 1338.217 -13248.002 75985.672 -261954.844 534505.719 -586956.156 256866.191 -70087.031 346069.563 -569652.750 674063.500 -290909.500 -1015295.250 821801.875 522571.063 482997.844 -446179.648 -1098019.875 -694716.094 1077196.250 901826.875 -190678.313 -244099.344 -294598.938 744912.594 -537914.000 -691420.438 -952304.063 1324907.875 956387.250 515232.031 -821139.000 -1936331.563 1782068.125 -480075.563 360230.000 -183316.352
-0.009 1.562 -69.123 1301.931 -12888.854 73926.500 -254860.313 520043.281 -571109.469 249985.844 -68243.406 336727.500 -554271.938 655838.875 -283051.625 -987723.625 799517.125 508360.188 469894.094 -434034.183 -1068282.125 -675884.531 1047973.750 877454.625 -185515.344 -237445.578 -286759.563 724729.406 -523318.500 -672563.313 -926568.500 1289017.375 930467.375 501283.344 -798891.250 -1883927.000 1733824.625 -467030.063 350451.809 -178352.531
-0.008 1.521 -67.298 1267.562 -12548.674 71976.086 -248141.188 506343.375 -556096.156 243464.107 -66495.281 327880.188 -539703.000 638580.250 -275607.125 -961611.875 778411.750 494903.625 457479.875 -422537.725 -1040115.750 -658046.719 1020305.375 854370.938 -180628.563 -231147.094 -279332.125 705616.859 -509495.750 -654712.625 -902191.250 1255022.500 905920.125 488074.688 -777824.500 -1834307.656 1688127.125 -454674.188 341191.699 -173652.570
-0.008 1.482 -65.568 1234.966 -12226.125 70126.602 -241768.000 493351.188 -541858.063 237276.469 -64833.219 319486.469 -525881.250 622207.750 -268547.125 -936856.000 758395.625 482146.563 445711.344 -411635.138 -1013403.375 -641130.781 994057.625 832474.875 -175991.594 -225172.891 -272278.500 687490.688 -496387.875 -637787.438 -879069.844 1222784.500 882639.313 475545.281 -757843.000 -1787236.719 1644787.500 -442963.000 332411.703 -169194.336
-0.008 1.445 -63.924 1204.019 -11919.750 68370.203 -235715.594 481012.656 -528330.563 231395.008 -63253.875 311514.156 -512755.500 606659.375 -261841.125 -913346.750 739388.125 470032.688 434533.281 -401283.813 -988036.500 -625068.094 969137.375 811677.500 -171589.297 -219504.219 -265570.813 670275.125 -483939.750 -621713.000 -857105.250 1192165.375 860533.000 463644.844 -738866.750 -1742539.000 1603627.250 -431839.875 324072.902 -164960.242
-0.008 1.409 -62.361 1174.588 -11628.506 66700.070 -229961.344 469279.281 -515467.063 225799.641 -61748.141 303931.906 -500270.250 591870.750 -255463.250 -890995.000 721319.875 458516.125 423908.563 -391444.809 -963910.750 -609798.313 945447.750 791896.813 -167400.281 -214116.734 -259189.625 653906.094 -472104.000 -606441.188 -836218.563 1163049.875 839509.813 452329.563 -720823.375 -1700029.594 1564485.125 -421265.625 316146.369 -160933.984
-0.008 1.376 -60.873 1146.569 -11351.168 65109.945 -224481.188 458106.875 -503219.594 220469.932 -60313.797 296711.969 -488380.563 577788.875 -249389.625 -869713.000 704109.500 447549.625 413796.375 -382081.195 -940943.750 -595255.719 922888.438 773064.500 -163413.094 -208986.750 -253106.875 638321.156 -460836.250 -591903.375 -816329.313 1135330.750 819493.688 441555.875 -703641.625 -1659552.594 1527220.625 -411197.125 308597.852 -157101.000
-0.007 1.344 -59.455 1119.854 -11086.787 63593.766 -219256.563 447454.031 -491536.031 215386.172 -58945.391 289826.063 -477046.313 564362.125 -243598.375 -849425.875 687706.750 437099.375 404148.516 -373150.820 -919041.500 -581388.281 901378.000 755106.563 -159613.328 -204095.641 -247308.000 623460.797 -450093.875 -578043.063 -797366.469 1108904.313 800406.375 431282.813 -687263.125 -1620961.156 1491686.500 -401598.938 301401.678 -153445.688
-0.007 1.313 -58.101 1094.366 -10834.500 62147.344 -214271.719 437288.188 -480388.438 210532.727 -57637.039 283254.500 -466227.750 551551.875 -238072.000 -830071.750 672055.250 427127.688 394944.344 -364631.034 -898144.500 -568161.563 880853.875 737971.813 -155983.875 -199431.750 -241766.250 609278.891 -439844.750 -564820.563 -779267.375 1083685.313 782202.063 421479.156 -671632.000 -1584138.125 1457780.875 -392441.563 294535.637 -149957.691
-0.007 1.284 -56.808 1070.012 -10593.427 60764.906 -209507.750 427574.719 -469738.500 205893.953 -56386.070 276975.906 -455889.813 539308.250 -232790.125 -811577.188 657097.250 417600.063 386151.391 -356493.940 -878177.625 -555524.875 861248.563 721592.438 -152518.938 -194975.469 -236469.125 595731.469 -430051.875 -552196.188 -761974.000 1059587.438 764800.063 412113.531 -656697.500 -1548943.750 1425388.375 -383693.688 287977.271 -146625.352
-0.007 1.256 -55.572 1046.726 -10362.897 59443.250 -204952.859 418285.844 -459548.938 201455.758 -55188.477 270968.469 -446002.188 527598.500 -227739.625 -793896.188 642797.500 408492.938 377743.156 -348711.920 -859085.125 -543431.813 842498.375 705931.313 -149203.219 -190713.344 -231400.625 582775.953 -420685.500 -540122.750 -745433.781 1036543.688 748164.875 403156.219 -642415.125 -1515285.594 1394399.375 -375327.938 281703.539 -143437.949
-0.007 1.229 -54.388 1024.433 -10142.236 58177.891 -200591.656 409391.313 -449794.781 197205.680 -54040.219 265219.406 -436535.125 516389.875 -222903.750 -776967.188 629107.125 399773.125 369694.531 -341266.118 -840805.750 -531864.313 824550.625 690939.500 -146030.609 -186637.656 -226543.625 570372.500 -411722.500 -528564.219 -729599.563 1014485.813 732238.750 394580.375 -628744.375 -1483071.750 1364740.875 -367323.188 275700.188 -140387.635
-0.007 1.203 -53.254 1003.070 -9930.842 56965.172 -196414.125 400870.094 -440448.656 193131.583 -52939.055 259709.063 -427462.188 505648.500 -218269.250 -760751.500 615990.750 391421.813 361984.766 -334130.457 -823289.250 -520777.688 807356.813 676570.063 -142989.953 -182731.797 -221888.250 558487.734 -403134.625 -517498.969 -714427.469 993347.563 716978.625 386364.250 -615644.250 -1452199.844 1336320.125 -359650.813 269947.197 -137463.736
-0.007 1.179 -52.166 982.580 -9728.020 55802.500 -192405.938 392698.563 -431482.063 189222.176 -51881.656 254422.969 -418760.813 495343.375 -213823.250 -745197.063 603410.063 383409.500 354587.875 -327288.299 -806489.500 -510148.250 790860.781 662787.813 -140073.375 -178986.641 -217421.188 547090.375 -394895.375 -506883.438 -699870.844 973075.000 702338.938 378482.719 -603079.000 -1422590.219 1309061.500 -352295.438 264431.449 -134660.273
-0.006 1.155 -51.121 962.917 -9533.396 54686.047 -188558.875 384850.313 -422874.031 185469.349 -50867.219 249349.938 -410407.563 485452.500 -209555.188 -730267.375 591332.625 375719.875 347489.219 -320723.220 -790365.875 -499937.172 775028.781 649556.375 -137274.703 -175390.547 -213131.156 536149.016 -386988.750 -496695.938 -685901.625 953616.938 688289.375 370918.500 -591018.875 -1394161.219 1282893.500 -345232.375 259134.297 -131968.775
-0.006 1.133 -50.118 944.029 -9346.368 53614.164 -184863.344 377313.375 -414604.250 181862.967 -49891.313 244474.469 -402381.813 475950.750 -205456.375 -715924.563 579731.813 368334.938 340669.703 -314414.319 -774872.750 -490134.828 759823.469 636847.188 -134585.391 -171938.125 -209007.000 525638.438 -379394.250 -486907.969 -672477.000 934923.313 674793.500 363649.969 -579431.000 -1366861.188 1257755.500 -338449.938 254046.500 -129382.570
-0.006 1.111 -49.154 925.861 -9166.601 52582.734 -181309.594 370065.344 -406653.000 178394.861 -48952.234 239787.313 -394664.313 466814.500 -201514.563 -702139.063 568579.813 361234.438 334111.813 -308348.685 -759977.875 -480706.625 745198.938 624623.000 -132000.031 -168617.797 -205039.375 515533.203 -372091.125 -477502.625 -659572.125 916945.875 661816.813 356661.844 -568293.125 -1340599.750 1233583.250 -331928.000 249157.438 -126897.129
-0.006 1.090 -48.226 908.389 -8993.629 51591.055 -177890.328 363092.063 -398999.094 175056.652 -48047.508 235276.000 -387237.125 458022.125 -197721.188 -688874.063 557849.000 354404.500 327806.609 -302519.016 -745648.875 -471638.391 731131.188 612864.063 -129511.297 -165423.828 -201220.656 505810.859 -365064.000 -468457.750 -647152.656 899656.313 649328.938 349938.000 -557574.750 -1315340.344 1210328.000 -325654.813 244451.650 -124504.180
-0.006 1.070 -47.333 891.563 -8827.094 50635.727 -174598.141 356376.938 -391633.813 171839.985 -47175.781 230932.344 -380086.938 449557.000 -194067.875 -676103.500 547516.125 347827.438 321732.031 -296900.505 -731847.875 -462901.594 717589.750 601540.438 -127116.156 -162349.484 -197541.625 496447.547 -358299.500 -459746.938 -635193.438 883003.438 637309.063 343463.938 -547253.875 -1291015.531 1187936.250 -319614.688 239919.732 -122200.168

cond(A) = 43583576127183438000.000
det(A) = 0.0000000000
