Gauss method:
Matrix A:
5x5
1.000 0.500 0.333 0.250 0.200
0.500 0.333 0.250 0.200 0.167
0.333 0.250 0.200 0.167 0.143
0.250 0.200 0.167 0.143 0.125
0.200 0.167 0.143 0.125 0.111

Vector b:
5x1
1.000
2.000
3.000
4.000
5.000

Solution x:
5x1
125.000
-2880.000
14490.000
-24640.000
13230.000

Check A*x == b:
5x1
1.000
2.000
3.000
4.000
5.000

Jakobi method:
Matrix A^(-1):
5x5
25.000 -300.000 1050.000 -1400.000 630.000
-300.000 4800.000 -18900.000 26880.000 -12600.000
1050.000 -18900.000 79380.000 -117600.000 56700.000
-1400.000 26880.000 -117600.000 179200.000 -88200.000
630.000 -12600.000 56700.000 -88200.000 44100.000

Check A * (A^-1) == E:
5x5
1.000 0.000 0.000 0.000 0.000
0.000 1.000 -0.000 0.000 -0.000
0.000 -0.000 1.000 -0.000 0.000
0.000 0.000 -0.000 1.000 0.000
0.000 0.000 0.000 0.000 1.000

cond(A) = 943656.000
det(A) = -0.0000000000
