Gauss method:
Matrix A:
30x30
1.000 0.500 0.333 0.250 0.200 0.167 0.143 0.125 0.111 0.100 0.091 0.083 0.077 0.071 0.067 0.063 0.059 0.056 0.053 0.050 0.048 0.045 0.043 0.042 0.040 0.038 0.037 0.036 0.034 0.033
0.500 0.333 0.250 0.200 0.167 0.143 0.125 0.111 0.100 0.091 0.083 0.077 0.071 0.067 0.063 0.059 0.056 0.053 0.050 0.048 0.045 0.043 0.042 0.040 0.038 0.037 0.036 0.034 0.033 0.032
0.333 0.250 0.200 0.167 0.143 0.125 0.111 0.100 0.091 0.083 0.077 0.071 0.067 0.063 0.059 0.056 0.053 0.050 0.048 0.045 0.043 0.042 0.040 0.038 0.037 0.036 0.034 0.033 0.032 0.031
0.250 0.200 0.167 0.143 0.125 0.111 0.100 0.091 0.083 0.077 0.071 0.067 0.063 0.059 0.056 0.053 0.050 0.048 0.045 0.043 0.042 0.040 0.038 0.037 0.036 0.034 0.033 0.032 0.031 0.030
0.200 0.167 0.143 0.125 0.111 0.100 0.091 0.083 0.077 0.071 0.067 0.063 0.059 0.056 0.053 0.050 0.048 0.045 0.043 0.042 0.040 0.038 0.037 0.036 0.034 0.033 0.032 0.031 0.030 0.029
0.167 0.143 0.125 0.111 0.100 0.091 0.083 0.077 0.071 0.067 0.063 0.059 0.056 0.053 0.050 0.048 0.045 0.043 0.042 0.040 0.038 0.037 0.036 0.034 0.033 0.032 0.031 0.030 0.029 0.029
0.143 0.125 0.111 0.100 0.091 0.083 0.077 0.071 0.067 0.063 0.059 0.056 0.053 0.050 0.048 0.045 0.043 0.042 0.040 0.038 0.037 0.036 0.034 0.033 0.032 0.031 0.030 0.029 0.029 0.028
0.125 0.111 0.100 0.091 0.083 0.077 0.071 0.067 0.063 0.059 0.056 0.053 0.050 0.048 0.045 0.043 0.042 0.040 0.038 0.037 0.036 0.034 0.033 0.032 0.031 0.030 0.029 0.029 0.028 0.027
0.111 0.100 0.091 0.083 0.077 0.071 0.067 0.063 0.059 0.056 0.053 0.050 0.048 0.045 0.043 0.042 0.040 0.038 0.037 0.036 0.034 0.033 0.032 0.031 0.030 0.029 0.029 0.028 0.027 0.026
0.100 0.091 0.083 0.077 0.071 0.067 0.063 0.059 0.056 0.053 0.050 0.048 0.045 0.043 0.042 0.040 0.038 0.037 0.036 0.034 0.033 0.032 0.031 0.030 0.029 0.029 0.028 0.027 0.026 0.026
0.091 0.083 0.077 0.071 0.067 0.063 0.059 0.056 0.053 0.050 0.048 0.045 0.043 0.042 0.040 0.038 0.037 0.036 0.034 0.033 0.032 0.031 0.030 0.029 0.029 0.028 0.027 0.026 0.026 0.025
0.083 0.077 0.071 0.067 0.063 0.059 0.056 0.053 0.050 0.048 0.045 0.043 0.042 0.040 0.038 0.037 0.036 0.034 0.033 0.032 0.031 0.030 0.029 0.029 0.028 0.027 0.026 0.026 0.025 0.024
0.077 0.071 0.067 0.063 0.059 0.056 0.053 0.050 0.048 0.045 0.043 0.042 0.040 0.038 0.037 0.036 0.034 0.033 0.032 0.031 0.030 0.029 0.029 0.028 0.027 0.026 0.026 0.025 0.024 0.024
0.071 0.067 0.063 0.059 0.056 0.053 0.050 0.048 0.045 0.043 0.042 0.040 0.038 0.037 0.036 0.034 0.033 0.032 0.031 0.030 0.029 0.029 0.028 0.027 0.026 0.026 0.025 0.024 0.024 0.023
0.067 0.063 0.059 0.056 0.053 0.050 0.048 0.045 0.043 0.042 0.040 0.038 0.037 0.036 0.034 0.033 0.032 0.031 0.030 0.029 0.029 0.028 0.027 0.026 0.026 0.025 0.024 0.024 0.023 0.023
0.063 0.059 0.056 0.053 0.050 0.048 0.045 0.043 0.042 0.040 0.038 0.037 0.036 0.034 0.033 0.032 0.031 0.030 0.029 0.029 0.028 0.027 0.026 0.026 0.025 0.024 0.024 0.023 0.023 0.022
0.059 0.056 0.053 0.050 0.048 0.045 0.043 0.042 0.040 0.038 0.037 0.036 0.034 0.033 0.032 0.031 0.030 0.029 0.029 0.028 0.027 0.026 0.026 0.025 0.024 0.024 0.023 0.023 0.022 0.022
0.056 0.053 0.050 0.048 0.045 0.043 0.042 0.040 0.038 0.037 0.036 0.034 0.033 0.032 0.031 0.030 0.029 0.029 0.028 0.027 0.026 0.026 0.025 0.024 0.024 0.023 0.023 0.022 0.022 0.021
0.053 0.050 0.048 0.045 0.043 0.042 0.040 0.038 0.037 0.036 0.034 0.033 0.032 0.031 0.030 0.029 0.029 0.028 0.027 0.026 0.026 0.025 0.024 0.024 0.023 0.023 0.022 0.022 0.021 0.021
0.050 0.048 0.045 0.043 0.042 0.040 0.038 0.037 0.036 0.034 0.033 0.032 0.031 0.030 0.029 0.029 0.028 0.027 0.026 0.026 0.025 0.024 0.024 0.023 0.023 0.022 0.022 0.021 0.021 0.020
0.048 0.045 0.043 0.042 0.040 0.038 0.037 0.036 0.034 0.033 0.032 0.031 0.030 0.029 0.029 0.028 0.027 0.026 0.026 0.025 0.024 0.024 0.023 0.023 0.022 0.022 0.021 0.021 0.020 0.020
0.045 0.043 0.042 0.040 0.038 0.037 0.036 0.034 0.033 0.032 0.031 0.030 0.029 0.029 0.028 0.027 0.026 0.026 0.025 0.024 0.024 0.023 0.023 0.022 0.022 0.021 0.021 0.020 0.020 0.020
0.043 0.042 0.040 0.038 0.037 0.036 0.034 0.033 0.032 0.031 0.030 0.029 0.029 0.028 0.027 0.026 0.026 0.025 0.024 0.024 0.023 0.023 0.022 0.022 0.021 0.021 0.020 0.020 0.020 0.019
0.042 0.040 0.038 0.037 0.036 0.034 0.033 0.032 0.031 0.030 0.029 0.029 0.028 0.027 0.026 0.026 0.025 0.024 0.024 0.023 0.023 0.022 0.022 0.021 0.021 0.020 0.020 0.020 0.019 0.019
0.040 0.038 0.037 0.036 0.034 0.033 0.032 0.031 0.030 0.029 0.029 0.028 0.027 0.026 0.026 0.025 0.024 0.024 0.023 0.023 0.022 0.022 0.021 0.021 0.020 0.020 0.020 0.019 0.019 0.019
0.038 0.037 0.036 0.034 0.033 0.032 0.031 0.030 0.029 0.029 0.028 0.027 0.026 0.026 0.025 0.024 0.024 0.023 0.023 0.022 0.022 0.021 0.021 0.020 0.020 0.020 0.019 0.019 0.019 0.018
0.037 0.036 0.034 0.033 0.032 0.031 0.030 0.029 0.029 0.028 0.027 0.026 0.026 0.025 0.024 0.024 0.023 0.023 0.022 0.022 0.021 0.021 0.020 0.020 0.020 0.019 0.019 0.019 0.018 0.018
0.036 0.034 0.033 0.032 0.031 0.030 0.029 0.029 0.028 0.027 0.026 0.026 0.025 0.024 0.024 0.023 0.023 0.022 0.022 0.021 0.021 0.020 0.020 0.020 0.019 0.019 0.019 0.018 0.018 0.018
0.034 0.033 0.032 0.031 0.030 0.029 0.029 0.028 0.027 0.026 0.026 0.025 0.024 0.024 0.023 0.023 0.022 0.022 0.021 0.021 0.020 0.020 0.020 0.019 0.019 0.019 0.018 0.018 0.018 0.017
0.033 0.032 0.031 0.030 0.029 0.029 0.028 0.027 0.026 0.026 0.025 0.024 0.024 0.023 0.023 0.022 0.022 0.021 0.021 0.020 0.020 0.020 0.019 0.019 0.019 0.018 0.018 0.018 0.017 0.017

Vector b:
30x1
1.000
2.000
3.000
4.000
5.000
6.000
7.000
8.000
9.000
10.000
11.000
12.000
13.000
14.000
15.000
16.000
17.000
18.000
19.000
20.000
21.000
22.000
23.000
24.000
25.000
26.000
27.000
28.000
29.000
30.000

Solution x:
30x1
-3157.997
439233.571
-14327813.410
183181161.788
-1017475591.556
1470025926.338
9886363984.391
-52289684916.438
98742367966.688
-70416482598.750
14923258558.750
-52990351224.500
-7077565285.000
281939796968.000
-389951556585.500
334118275978.250
-271124927785.375
-42107004485.063
122545566625.906
57680333767.789
185777048134.375
-82063700672.453
-281933285918.600
-7827269.297
32901833804.699
98947367999.309
186991413281.831
-69699765052.031
-224013059300.872
118599821642.394

Check A*x == b:
30x1
1.000
2.000
3.000
4.000
5.000
6.000
7.000
8.000
9.000
10.000
11.000
12.000
13.000
14.000
15.000
16.000
17.000
18.000
19.000
20.000
21.000
22.000
23.000
24.000
25.000
26.000
27.000
28.000
29.000
30.000

Jakobi method:
Matrix A^(-1):
30x30
158.912 -12561.415 321008.954 -3864582.003 25327526.583 -94773945.902 193944390.045 -158598572.145 -111257226.891 268106104.125 -85150343.125 91348414.563 -153196473.000 -372662057.125 120573174.438 1083154681.672 -310349393.688 -1035513565.000 -242013972.688 855028695.160 387918071.375 206579712.750 -1000521486.750 -197014590.375 395083586.500 683985938.500 -452983592.000 -482629730.102 531290182.625 -142119318.500
-12636.054 1346782.205 -39218072.896 511638137.342 -3568939822.206 14209438128.195 -31755703648.344 33265367292.859 1339152384.313 -28671639469.000 9442177946.000 -7963411284.000 8469972301.500 66947550921.000 -10888815503.000 -179201624527.500 45019406045.500 164075170885.250 53981341380.000 -141266032737.031 -64216247161.500 -57947022659.000 180358924341.000 46508110300.000 -70471134298.000 -116928701635.000 67411188664.000 81723067246.063 -80222853194.500 19877500057.750
326792.000 -39662427.342 1249305757.385 -17274634912.613 126899166721.945 -534808371567.219 1299004942692.500 -1653609648508.188 669063722823.500 452477653666.000 -117394514344.000 12874532644.000 344932724060.000 -2938509050640.000 66413329295.000 7218803107996.000 -1514888961620.000 -6299752565020.000 -2793632950572.000 5699111784278.875 2579662899988.000 3302920436240.000 -7886126711784.000 -2434372443888.000 3107766867676.000 4859242651472.000 -2474270610248.000 -3381990936111.500 2982664768774.000 -676417142628.000
-4010371.544 526480289.184 -17556536832.757 254780348391.313 -1963183494426.688 8752769996074.500 -23088397708121.000 34639860948215.625 -25586144284224.000 6654768414480.000 -4252559591664.000 5817123902968.000 -18531861114656.000 54800505508736.000 5839527019494.000 -122475037047754.000 19295798245672.000 100772488606176.000 60180083927344.000 -97243781762299.000 -43356888385560.000 -74336329518080.000 145593815890560.000 51762921634768.000 -58814768608336.000 -85152059358032.000 38776044399120.000 59214451402695.000 -47165427031888.000 9628531839372.000
27076880.113 -3767635701.108 131874849467.297 -2003309897575.719 16211244029069.250 -76751162117529.000 220567596161811.000 -383026614761166.000 386765548751704.000 -226174279012704.000 118674747083520.000 -118997531584320.000 296110992154560.000 -536148673467520.000 -124179813160128.000 1067860305717312.000 -91141699879552.000 -808404751463264.000 -678257476319232.000 859127681523422.000 370792275785472.000 848927359247360.000 -1398640750840704.000 -565131719211264.000 590126999022848.000 770981208421504.000 -318358856529664.000 -537390484993176.000 387876408344064.000 -69543378458992.000
-106429692.643 15605973860.217 -573554496715.117 9160653836764.250 -78434839175174.500 398078721179472.000 -1256079031936500.000 2499858542664702.000 -3108738648555344.000 2381169029219200.000 -1249020882119168.000 1083206185422464.000 -2366214950804992.000 3039895484495616.000 1080450866732224.000 -5136770257373632.000 -146559537041280.000 3350531072890112.000 4477739763326464.000 -4256694939204280.000 -1724043406009344.000 -5538360282189824.000 7667350832811520.000 3543525211858688.000 -3475077688157440.000 -3909233247640576.000 1494925877856512.000 2747217243023216.000 -1799563067147008.000 272239347152000.000
240359230.209 -37465573572.689 1464583041412.391 -24993542409082.250 230617407016698.000 -1278274024220016.000 4489909016993024.000 -10197836510475616.000 14835507200325504.000 -13232104892995584.000 7145112825329664.000 -5554099507050496.000 10890465031959552.000 -10465493504850944.000 -4908690297902336.000 13094509324289152.000 3430557967465472.000 -5509755477422336.000 -18339764699342848.000 11719930214421920.000 4152411337881600.000 21781400968882176.000 -24587657797865472.000 -13425962656576512.000 12599571197479936.000 11010189261300736.000 -4075231361518592.000 -7946556351336512.000 4723853167457280.000 -559041622830592.000
-273654022.354 47606154472.936 -2077431138341.750 39680126483564.000 -411570784646544.000 2577990760404048.000 -10285733330001280.000 26610163012093184.000 -43911754692384256.000 43527287153611776.000 -24505729317240832.000 17401905197574144.000 -30566534042503168.000 22472479448449024.000 11579952995057664.000 -11476305290238976.000 -15445259734257664.000 -9157029780939776.000 47692978452156416.000 -14637510479483520.000 -3348447774961664.000 -52106278574653440.000 43979908138815488.000 30993169541922816.000 -28548104110567424.000 -14115910511190016.000 5824210374234112.000 11588820675105280.000 -6248191748376576.000 477844247483392.000
78402421.242 -22865303924.117 1407532851681.000 -34813510130478.000 443836320968032.000 -3296584645325440.000 15177093234433408.000 -44294530381458560.000 80794974128695296.000 -86829620306206720.000 51712946675249152.000 -34711440967303168.000 54284029084643328.000 -33007605078482944.000 -9127980777118720.000 -22877741686874112.000 32476121119076352.000 59981224299585536.000 -78747185160335360.000 -5273013936455552.000 -4783794491047936.000 73590848401293312.000 -35573880617754624.000 -42546197259706368.000 40739909098741760.000 -4952038392799232.000 -1097739163017216.000 -4003248453587968.000 1970467959455744.000 -15419960892416.000
10290465.931 6901371268.008 -749068329527.250 23934452727040.000 -357126698839104.000 2963094049644928.000 -14842717057777280.000 46382507163844800.000 -89822854146437120.000 102798407155650560.000 -67404666463289344.000 48040781191147520.000 -68875648456261632.000 47651242372841472.000 -17945933533747200.000 63788618244231168.000 -29084937342812160.000 -111131892482449410.000 82847418923720704.000 38353572797112832.000 4786342202802176.000 -61059669347090432.000 4925330198315008.000 36216708667072512.000 -42218099085901824.000 39477631101419520.000 -13479784944877568.000 -4545822103075328.000 2223174519218176.000 291130564653056.000
274823228.644 -44191382255.766 1860064383413.500 -35679398203704.000 385124195344736.000 -2585494490278912.000 11320133704353792.000 -32806990893627904.000 62275575021809664.000 -75626859349581824.000 63110299277737984.000 -62967253213478912.000 90654680895913984.000 -85848417527431168.000 45457767506083840.000 -35002127000883200.000 -24800271204352.000 85725771933261824.000 -63509070457552896.000 -41521585670005760.000 22553176750751744.000 53313733617778688.000 -25842496695533568.000 -37745638596739072.000 57359269087330304.000 -52072247988387840.000 35534199236329472.000 -16377207754442752.000 5322584528977920.000 -1048262541975552.000
-234011889.381 37322523318.281 -1536039760081.000 28511073465056.000 -296755032902272.000 1931719103458816.000 -8333938418032128.000 24510361213828864.000 -49705253040562176.000 71102968684265472.000 -81790193539219456.000 103539610946650110.000 -140784272873357310.000 125255493773131780.000 -30332092886523904.000 -26129980303568896.000 2347883162402816.000 -24659086298644480.000 53952932262019072.000 28968967223408640.000 -42673927278952448.000 -92326421886140416.000 88991242113187840.000 68402748727296000.000 -109577876369408000.000 57320777501048832.000 -50230487465132032.000 47961582641864704.000 -20182343801520128.000 2709329577582592.000
-312376519.496 48821014889.125 -1769285217132.000 24787773088640.000 -142448955907968.000 34346965842944.000 3944268484930560.000 -23188658385952768.000 67314717792518144.000 -116475126302212100.000 137003349494726660.000 -147671643889401860.000 168707726214430720.000 -126588072824733700.000 24861976809947136.000 -6290162549432320.000 24660628110573568.000 43879238372327424.000 -50152998989922304.000 -49688607050604544.000 25489977678168064.000 105352001731952640.000 -91170611760857088.000 -78883097538461696.000 162420013040664580.000 -79119710838980608.000 17933762837217280.000 -45038533915459584.000 46352635062878208.000 -13568036572512256.000
272045466.502 -53116876776.000 2342461170558.000 -41050817163584.000 344109982491904.000 -1353415596255232.000 854755022665728.000 14142076259220480.000 -62651629713088512.000 127932552738701310.000 -148994278010650620.000 124570611012993020.000 -127895134145150980.000 138263895582441470.000 -95888584155987968.000 55604136373305344.000 -8430611198705664.000 -68119478003040256.000 38990137742065664.000 56420952722294784.000 -38583064313856000.000 -58819403781242880.000 89650329181880320.000 43468304244670464.000 -158446130865373180.000 36225735932641280.000 55260057106907136.000 51220361335291904.000 -95903133333716992.000 32175609760448512.000
-297827467.993 61887955289.000 -2901814515964.000 54665542791568.000 -508337372308480.000 2460075267025408.000 -5230746944660480.000 -3992798031759872.000 49037858718007296.000 -112938177557397500.000 113869288122286080.000 -50508206966243328.000 63386268206563328.000 -145371957031469060.000 117736553963372540.000 -28675956996448256.000 7760297555132416.000 17997563877621760.000 -21079061770797056.000 -60118371843704832.000 78499691266703360.000 19162735406219264.000 -78291794951798784.000 -13889570602614784.000 96869456281010176.000 -3134595888316416.000 -44324100985389056.000 -65332554206990336.000 98478816660815872.000 -31914200469078016.000
1303042300.549 -212448382659.844 8410994879586.000 -139499104125184.000 1175280464289536.000 -5300221305635840.000 11267872216362496.000 1660241059802624.000 -65301926687924224.000 143607916118212610.000 -124528313987563520.000 24854892551208960.000 -1996417102970880.000 28734925279002624.000 -18999269348163584.000 68155612214476800.000 -73175636783333376.000 -30668117177384960.000 -44281851979202560.000 145097352475944960.000 -48743931773517824.000 75369728681902080.000 -110406556075950080.000 -13567137063043072.000 -55073323730206720.000 167595529794093060.000 -62977115101003776.000 -7510668440166400.000 -17283806253547520.000 12426242009022464.000
-867245097.632 137887660666.719 -5291611666997.000 84110792808324.000 -663197772708912.000 2621492714944704.000 -3347119004746368.000 -12957486505667456.000 65025589291112448.000 -122759694469804030.000 113096746414284800.000 -44728930850488320.000 -1579580293046272.000 19808119896047616.000 9776825961711616.000 -87499591557588992.000 38658440673886208.000 39403640652341248.000 95223414244196352.000 -146513673844523520.000 54047275410153472.000 -135876027182497790.000 108819171057500160.000 41555144135671808.000 101036596647329790.000 -206501613187923970.000 41368791921295360.000 31235310616793088.000 13908809541902336.000 -13237411350411264.000
-939464262.870 148951541471.219 -5903564106099.000 101778056239584.000 -944400189066048.000 5230488643220608.000 -18183251535993088.000 40277969206101888.000 -55861459821578240.000 46372759303184384.000 -27794498079309824.000 48046688595763200.000 -126466074255908860.000 189808749240532990.000 -112854628853403650.000 -38280545907169280.000 18288551542562816.000 81922965549752320.000 -22929220503486464.000 43336485766621184.000 -145841813244166140.000 -88633809405247488.000 276811267341058050.000 5122909703471104.000 -135822890570809340.000 -76671947864293376.000 74519657478455296.000 96608269072089088.000 -101405298984796160.000 25247055157907456.000
593718700.888 -93583599359.773 3793979509760.125 -69139018472438.000 703989882750128.000 -4460195747934784.000 18540393532758400.000 -51299284058114112.000 92031540668267008.000 -98349140876636160.000 57874178923380736.000 -69104677602922496.000 203602380505255940.000 -275085044825808900.000 116830756379473920.000 617162893305856.000 102938867282866180.000 -91072644916504576.000 -17706304081809408.000 -120032664474893570.000 110739055889534980.000 254280902216499200.000 -257964621663363070.000 -90584646483181568.000 90052914609487872.000 75240299617058816.000 1730787516006400.000 -97179770974624256.000 56977071333351424.000 -9255867184375808.000
378227078.986 -58144847656.190 2035737896516.750 -26141921265284.500 104655473926216.000 626861112482384.000 -8762701866343200.000 42809768176510672.000 -114114609790218370.000 176584037483057150.000 -158620048228632580.000 106699224356141060.000 -122265053794569220.000 132251894366961660.000 -88233590580891392.000 125137725266885630.000 -133475145436261380.000 -8140037358282240.000 -14844917755986944.000 151393454300933060.000 -27807707809453056.000 -73203538430353408.000 -58848500620322816.000 110474462773491710.000 -106359078104975360.000 152902113762078720.000 -93187522005141504.000 -14445212933297664.000 30511944993041408.000 -7164313283722752.000
274167693.561 -48467042349.844 2175938856027.000 -43014235916015.000 463750343933256.000 -3041666447257920.000 12918995245934144.000 -36886513003013312.000 72419660886794752.000 -99239875037417472.000 97300555106750464.000 -78129950789308416.000 79576299932811264.000 -106497940033757180.000 100484307523335170.000 -46960406723575808.000 19997816078225408.000 4781546296201216.000 -70177180665987072.000 28373788521945600.000 72742499931258880.000 4217880370028544.000 -70537720405565440.000 -62150368011710464.000 121166941337329660.000 -32543922343518208.000 -7185650147295232.000 -1863060090781184.000 -1476659164313600.000 2287758261423104.000
54797107.852 -12164452552.412 556497493632.125 -9641758956050.000 75176032702770.000 -219192967673680.000 -583016296415136.000 6877826975666608.000 -24572224423309184.000 46666459854806016.000 -50584357358880768.000 34185609759469568.000 -23724870604001280.000 22368598333652992.000 -33845426080184576.000 77587386364181504.000 -64638605242221568.000 -57531089855918080.000 78495861034539008.000 50835232749109952.000 -58948590974128128.000 -27519422284724224.000 9946102613907456.000 12337702203959296.000 -8146885570144256.000 50449630455891968.000 -29522525199839232.000 -51554946700397248.000 57572313573093376.000 -15997649243421696.000
-1017014336.113 168298988250.784 -6821319844375.633 117178228820973.250 -1042382365468433.000 5169757641069924.000 -13803660545324064.000 12926317862812988.000 30628913052416064.000 -112233021973246210.000 142328282220098560.000 -59878555412075264.000 -63435293388598784.000 117295113463465470.000 -7423407799535168.000 -178435649572776580.000 87495265319710208.000 126314577584271870.000 67369766212385536.000 -227520673484245600.000 -1959804994718976.000 -92054408238265344.000 299333130264026620.000 -31278348181891584.000 -2665843931465216.000 -290090722370445310.000 151088234354082300.000 157704345385818980.000 -149261691953807620.000 33319235942266752.000
136292658.833 -20701692069.368 662389678576.547 -5985769812061.750 -29743676982115.000 925793020402388.000 -7485975455123568.000 32385406768966932.000 -84334962921057088.000 135307712051361280.000 -133795962735193600.000 95259652807319040.000 -89761326970796032.000 96671624416577536.000 -62888631649039616.000 34330772786498304.000 -4028153252891648.000 -51713769391001728.000 5695997993429504.000 98167116129940400.000 -53124774499060736.000 -36314357635500032.000 2472719517075456.000 63636853633915904.000 -86692214116490240.000 63577589436871680.000 1636941106697216.000 -39676017800741568.000 24289795924274688.000 -4506741563720576.000
738529951.187 -116098517438.664 4729011282219.391 -87198513777002.625 902663152623535.750 -5818849624632736.000 24518571847508024.000 -68283405252495984.000 122720678759989500.000 -134389712638979710.000 96534877729699584.000 -130639179099817220.000 280576069787635460.000 -302935873606832640.000 86172269031324544.000 28581166997501920.000 49398809965719296.000 41998270696224640.000 -160507972489759360.000 -43588358548025376.000 107793302475358720.000 233160985078303230.000 -288333353125890050.000 -49648361502093824.000 72643313384780544.000 156425581190458880.000 -98370752276747008.000 -94579915540664000.000 101455956465377920.000 -25704197863274976.000
-240923251.791 37261208565.275 -1587676184965.443 32516039874153.625 -390259035956746.250 2981244462185719.000 -15015617839279486.000 50496740230017616.000 -113352429757539310.000 170135140759046780.000 -182674507465069950.000 182917543767557060.000 -198284074445597890.000 148863732109178880.000 -57240647174298624.000 73047625041605152.000 -65380861281498880.000 -93363453304798624.000 75124478277500800.000 140160550852193040.000 -102554721186446340.000 -88946627236759296.000 62230296489840384.000 57243310564086272.000 -85196767715725824.000 81602105694247296.000 -86493193861860224.000 75100398329372208.000 -40529934130149696.000 9488962708733024.000
34767987.956 -10273224476.006 655782890733.583 -16845661938167.969 224251420361109.120 -1769464786055161.000 8981285271446999.000 -30973331815311368.000 75396271126122656.000 -132400155339933120.000 166863114517725760.000 -143922535385696740.000 81156958606113664.000 -49420790369213440.000 64040207753590384.000 -44775576500789896.000 -22341024444194048.000 43987036496699080.000 8160561712223296.000 -69889855312510768.000 63720661583738368.000 12111433816140544.000 -34022651702379904.000 -39709449258994112.000 112768967108252420.000 -148063752259267010.000 130213410899189120.000 -55421282047656560.000 703773733094048.000 4398135785060640.000
-390417712.390 60391306683.085 -2362757219748.593 40746980000259.180 -384106006056068.250 2201397379686499.000 -8095368357392771.000 19445381064322644.000 -29886960600772272.000 27219037950242944.000 -15058203541510368.000 25866872010066248.000 -77863081709551616.000 113687340229683550.000 -60118974560536416.000 -20728285762496736.000 15736216219699216.000 1926487738854776.000 43899542306557184.000 -31167871308872556.000 11687862144117472.000 -141760529430159040.000 195572805838389860.000 -42012272939385456.000 -19474852427662512.000 -50317056099896608.000 25263254482549744.000 45135711204702432.000 -39796034164138616.000 8983243922074840.000
363734169.578 -50758316042.499 1758630677525.403 -26455232437797.203 215522170242237.940 -1062939269216570.700 3307503094278100.000 -5962460034979315.000 1989387590086097.000 19474622850211104.000 -46771596422992384.000 26372646164285252.000 56404762904379352.000 -93112689991442368.000 25826142626555348.000 8544419636177079.000 27162203341465292.000 5803058924975893.000 -54188826865410496.000 21007393550874904.000 -41878082305411824.000 137687140171258130.000 -142913709005414430.000 63802043459517432.000 -47146378894490960.000 94769016270515040.000 -73233514020791088.000 -12127374359248418.000 39315420315555536.000 -13258965483758498.000
-97215039.291 12622996960.321 -395010884154.226 5154061273098.430 -34585534652943.937 132478147991563.950 -293601580388582.750 168684362782950.590 1792280817349204.200 -8417487533071950.000 16818310969464582.000 -10909595867287644.000 -13653995895895928.000 22645000499498300.000 -3921069298226773.000 2827539715965152.500 -14106748147826206.000 -5291790701816174.000 15154343379406686.000 -393358350651372.310 15430496670570856.000 -36647772475737576.000 29354653158104092.000 -20840076717852236.000 20652222386061964.000 -25794020617235972.000 22591373748729428.000 -1218368686628282.500 -10263575318264292.000 4213891604546765.500

Check A * (A^-1) == E:
30x30
1.000 0.006 -0.255 4.409 -40.958 226.996 -790.295 1753.895 -2439.109 2028.875 -1214.875 2080.438 -5463.000 8181.125 -4842.438 -1655.672 773.688 3516.000 -945.813 1850.840 -6272.375 -3854.750 11936.750 245.875 -5864.500 -3310.500 3209.000 4164.102 -4365.125 1086.000
-0.000 1.006 -0.231 3.979 -36.962 204.902 -712.955 1582.691 -2197.961 1829.219 -1095.563 1876.375 -4932.125 7389.250 -4375.781 -1495.891 701.375 3177.250 -859.750 1671.676 -5668.375 -3474.500 10781.625 217.250 -5293.500 -2992.375 2897.375 3759.469 -3943.313 980.922
-0.000 0.005 0.789 3.632 -33.742 186.909 -650.602 1443.237 -2003.469 1665.063 -997.063 1711.875 -4505.500 6744.375 -3996.906 -1364.516 640.938 2902.188 -786.813 1526.615 -5173.750 -3171.250 9842.375 196.125 -4836.000 -2732.125 2646.625 3433.234 -3599.375 895.547
-0.000 0.005 -0.194 4.342 -31.039 172.079 -598.686 1327.391 -1843.484 1534.281 -918.938 1575.750 -4144.438 6207.625 -3677.047 -1256.063 590.875 2671.031 -725.063 1405.320 -4763.500 -2920.125 9062.500 179.875 -4447.375 -2510.125 2435.125 3158.859 -3314.250 824.875
-0.000 0.005 -0.179 3.098 -27.751 159.366 -554.526 1229.653 -1709.023 1419.719 -850.125 1459.938 -3840.375 5753.375 -3409.219 -1165.328 547.813 2477.344 -675.063 1304.623 -4415.938 -2704.625 8395.875 166.125 -4121.750 -2327.250 2257.250 2928.797 -3070.688 764.516
-0.000 0.004 -0.167 2.888 -26.807 149.500 -516.889 1145.829 -1590.852 1322.406 -794.875 1363.250 -3579.625 5365.500 -3178.672 -1086.563 511.438 2309.250 -629.438 1215.988 -4117.188 -2520.625 7827.125 155.250 -3842.625 -2169.750 2104.125 2730.785 -2863.750 712.688
-0.000 0.004 -0.157 2.704 -25.116 139.096 -483.097 1073.600 -1492.164 1238.000 -742.250 1276.875 -3351.875 5023.500 -2978.359 -1017.391 478.250 2162.906 -589.938 1140.242 -3856.688 -2359.250 7328.625 145.375 -3599.750 -2032.125 1970.500 2557.848 -2680.313 667.797
-0.000 0.004 -0.147 2.542 -23.611 130.759 -454.825 1009.856 -1399.367 1164.406 -695.125 1198.375 -3151.875 4724.375 -2802.141 -956.250 451.500 2035.938 -556.625 1070.086 -3627.625 -2218.250 6893.125 134.625 -3384.188 -1912.750 1854.125 2404.547 -2521.563 627.906
-0.000 0.004 -0.139 2.402 -22.293 123.523 -429.742 953.043 -1322.820 1103.125 -659.813 1134.438 -2979.188 4462.250 -2647.188 -901.328 426.375 1920.891 -524.563 1014.084 -3426.000 -2096.250 6509.125 128.500 -3199.438 -1802.625 1752.125 2272.426 -2383.625 593.219
-0.000 0.003 -0.132 2.274 -21.120 116.988 -407.066 902.958 -1253.078 1043.156 -624.125 1074.281 -2820.625 4227.875 -2507.094 -854.797 403.500 1820.703 -496.750 961.795 -3245.313 -1985.375 6168.750 121.625 -3027.063 -1709.375 1659.250 2151.164 -2256.219 562.109
-0.000 0.003 -0.125 2.158 -20.050 111.138 -386.444 857.703 -1190.695 993.250 -594.438 1020.125 -2681.750 4014.750 -2381.078 -811.594 382.563 1727.922 -472.063 911.254 -3082.063 -1887.000 5856.875 116.063 -2876.375 -1621.375 1574.250 2044.125 -2143.938 533.359
-0.000 0.003 -0.119 2.056 -19.099 105.748 -367.904 816.423 -1132.836 944.219 -563.375 972.063 -2550.125 3822.063 -2267.172 -774.516 364.313 1646.438 -450.625 868.895 -2935.375 -1795.625 5578.750 109.875 -2739.813 -1545.125 1500.250 1945.453 -2041.063 508.188
-0.000 0.003 -0.114 1.963 -18.235 101.030 -351.420 779.514 -1081.656 899.281 -538.313 926.438 -2434.438 3649.063 -2164.281 -737.422 347.875 1571.391 -430.750 827.887 -2801.500 -1714.125 5324.125 103.813 -2614.813 -1475.625 1432.188 1857.781 -1948.313 484.953
-0.000 0.003 -0.109 1.878 -17.433 96.584 -336.197 746.006 -1034.461 860.000 -514.250 884.938 -2328.250 3490.438 -2070.547 -706.094 333.188 1503.297 -411.875 792.957 -2680.938 -1637.000 5093.125 99.688 -2501.750 -1410.000 1369.000 1776.688 -1863.938 464.016
-0.000 0.003 -0.104 1.801 -16.719 92.620 -322.280 714.488 -990.875 825.563 -492.750 849.531 -2231.313 3346.500 -1983.750 -676.023 320.313 1442.078 -395.000 759.459 -2569.625 -1569.750 4882.375 96.313 -2397.000 -1353.750 1313.375 1703.879 -1785.813 444.750
-0.000 0.003 -0.100 1.728 -16.040 88.911 -309.509 685.696 -951.586 792.000 -475.125 816.156 -2142.500 3212.188 -1905.297 -648.555 307.375 1383.313 -379.250 730.080 -2466.938 -1508.500 4687.000 92.438 -2301.563 -1297.625 1261.125 1635.371 -1714.781 426.953
-0.000 0.002 -0.096 1.662 -15.433 85.507 -297.399 659.455 -914.984 761.656 -454.813 783.375 -2059.750 3090.375 -1832.453 -624.789 296.125 1330.891 -364.438 701.863 -2372.125 -1450.625 4508.125 87.750 -2211.313 -1247.813 1213.500 1572.426 -1649.250 410.641
-0.000 0.002 -0.093 1.601 -14.864 82.385 -286.667 635.130 -881.680 734.313 -440.250 755.531 -1985.875 2976.750 -1765.922 -602.078 284.938 1283.328 -350.313 676.459 -2285.438 -1398.125 4342.875 85.125 -2132.563 -1202.750 1168.375 1515.539 -1589.813 395.734
-0.000 0.002 -0.090 1.544 -14.338 79.408 -276.260 612.793 -850.172 706.188 -423.000 727.188 -1914.375 2870.375 -1702.266 -581.266 274.500 1237.172 -338.000 650.932 -2203.438 -1347.500 4187.500 81.500 -2055.313 -1162.125 1126.625 1461.137 -1532.875 381.609
-0.000 0.002 -0.086 1.491 -13.844 76.692 -266.894 591.568 -820.539 682.906 -410.313 703.969 -1849.063 2770.688 -1645.156 -559.375 264.813 1194.781 -327.563 630.322 -2129.188 -1300.875 4044.750 78.625 -1986.125 -1118.125 1087.688 1410.891 -1479.531 368.703
-0.000 0.002 -0.084 1.441 -13.385 74.131 -257.882 571.809 -792.961 659.938 -394.250 679.875 -1787.563 2681.000 -1589.844 -541.852 255.813 1155.016 -316.125 607.991 -2057.438 -1256.500 3910.375 76.875 -1919.188 -1083.688 1052.313 1364.816 -1431.094 356.125
-0.000 0.002 -0.081 1.394 -12.953 71.736 -249.560 553.722 -768.113 639.781 -383.313 658.219 -1731.563 2593.813 -1538.969 -523.664 248.250 1117.109 -307.125 589.395 -1992.125 -1218.125 3785.750 74.375 -1859.188 -1046.813 1018.000 1320.488 -1384.781 344.750
-0.000 0.002 -0.078 1.352 -12.556 69.535 -242.031 536.625 -744.750 619.531 -370.875 637.469 -1676.281 2514.563 -1491.016 -508.625 240.375 1082.953 -296.375 570.705 -1930.375 -1179.000 3669.250 71.625 -1800.938 -1015.250 987.000 1279.324 -1341.719 333.969
-0.000 0.002 -0.076 1.311 -12.178 67.423 -234.626 520.767 -722.129 600.344 -360.813 619.688 -1626.813 2438.938 -1446.641 -492.133 232.969 1050.016 -287.313 554.724 -1872.813 -1145.250 3559.125 70.500 -1746.438 -985.875 957.188 1240.805 -1301.781 324.219
-0.000 0.002 -0.074 1.272 -11.815 65.474 -227.874 505.066 -701.414 583.844 -349.625 600.688 -1579.844 2366.375 -1404.094 -478.266 225.906 1019.766 -279.531 538.349 -1817.875 -1110.250 3453.188 67.625 -1695.125 -956.563 928.500 1204.098 -1263.000 314.578
-0.000 0.002 -0.072 1.236 -11.483 63.621 -221.272 490.950 -681.727 565.500 -338.875 583.344 -1533.281 2300.000 -1363.906 -464.336 219.719 990.641 -272.156 523.367 -1766.031 -1078.125 3353.938 65.438 -1647.063 -928.250 901.813 1170.113 -1227.531 305.594
-0.000 0.002 -0.070 1.202 -11.171 61.840 -215.319 477.026 -663.020 551.000 -330.688 567.969 -1491.469 2236.000 -1326.563 -451.516 213.750 963.313 -264.250 508.539 -1717.313 -1048.375 3262.750 63.438 -1603.000 -903.125 877.438 1138.492 -1193.906 297.141
-0.000 0.002 -0.068 1.170 -10.870 60.167 -209.591 464.487 -644.805 536.000 -321.250 552.250 -1451.844 2177.500 -1291.211 -439.930 208.313 937.156 -257.313 495.327 -1670.531 -1022.125 3176.250 62.000 -1558.500 -879.125 854.563 1107.762 -1162.313 289.078
-0.000 0.002 -0.066 1.139 -10.578 58.621 -203.871 452.275 -627.188 521.438 -312.875 537.250 -1413.750 2118.500 -1256.898 -428.570 202.000 913.375 -250.438 480.376 -1626.969 -995.250 3091.063 60.375 -1517.813 -856.188 832.188 1079.379 -1130.781 281.781
-0.000 0.002 -0.064 1.111 -10.317 57.149 -198.757 440.759 -611.152 507.594 -303.563 523.438 -1377.719 2066.000 -1225.313 -418.125 197.313 890.359 -243.656 468.752 -1584.813 -969.000 3013.625 58.875 -1479.188 -834.313 810.875 1051.707 -1102.906 275.453

cond(A) = 9818663418543185900.000
det(A) = -0.0000000000
