Gauss method:
Matrix A:
10x10
1.000 0.500 0.333 0.250 0.200 0.167 0.143 0.125 0.111 0.100
0.500 0.333 0.250 0.200 0.167 0.143 0.125 0.111 0.100 0.091
0.333 0.250 0.200 0.167 0.143 0.125 0.111 0.100 0.091 0.083
0.250 0.200 0.167 0.143 0.125 0.111 0.100 0.091 0.083 0.077
0.200 0.167 0.143 0.125 0.111 0.100 0.091 0.083 0.077 0.071
0.167 0.143 0.125 0.111 0.100 0.091 0.083 0.077 0.071 0.067
0.143 0.125 0.111 0.100 0.091 0.083 0.077 0.071 0.067 0.063
0.125 0.111 0.100 0.091 0.083 0.077 0.071 0.067 0.063 0.059
0.111 0.100 0.091 0.083 0.077 0.071 0.067 0.063 0.059 0.056
0.100 0.091 0.083 0.077 0.071 0.067 0.063 0.059 0.056 0.053

Vector b:
10x1
1.000
2.000
3.000
4.000
5.000
6.000
7.000
8.000
9.000
10.000

Solution x:
10x1
-999.788
97991.596
-2328087.127
23299702.422
-121063873.749
359412082.882
-632234477.838
651044385.211
-362277026.370
84055352.610

Check A*x == b:
10x1
1.000
2.000
3.000
4.000
5.000
6.000
7.000
8.000
9.000
10.000

Jakobi method:
Matrix A^(-1):
10x10
99.997 -4949.727 79194.161 -600546.778 2522265.614 -6305599.526 9608449.164 -8750486.586 4375214.908 -923651.224
-4949.727 326676.281 -5880093.185 47562901.228 -208085826.808 535073826.808 -832331763.344 770044217.925 -389833030.362 83129030.984
79194.156 -5880093.022 112896688.884 -951251706.015 4280605191.036 -11236528254.293 17756408068.509 -16632978202.695 8505471201.597 -1828845843.956
-600546.724 47562898.738 -951251684.430 8244137390.808 -37871340336.615 100989870638.295 -161583289538.917 152889158999.803 -78833288760.364 17069281141.220
2522265.320 -208085811.608 4280605017.336 -37871339693.483 176732441009.035 -477176509044.200 771192870088.699 -735779729363.018 382038921832.859 -83212957378.632
-6305598.644 535073778.764 -11236527643.482 100989867658.487 -477176503264.013 1301389034371.878 -2120780139207.721 2037545355461.087 -1064252846054.351 232996773776.380
9608447.636 -832331677.547 17756406917.910 -161583283300.580 771192854169.003 -2120780121514.714 3480254213994.528 -3363569000058.932 1765873577631.880 -388328650505.570
-8750485.058 770044130.539 -16632976995.508 152889152105.164 -735779709847.822 2037545327007.653 -3363568981428.474 3267468735716.495 -1723079997829.609 380404158110.210
4375214.088 -389832982.986 8505470535.961 -78833284851.083 382038910206.033 -1064252827318.771 1765873561620.044 -1723079991808.058 912219658302.282 -202089976719.197
-923651.042 83129020.372 -1828845693.456 17069280244.098 -83212954643.282 232996769165.631 -388328646179.547 380404156008.255 -202089976310.899 44908935727.838

Check A * (A^-1) == E:
10x10
1.000 0.000 -0.000 0.000 -0.000 0.000 -0.001 0.001 -0.000 0.000
-0.000 1.000 -0.000 0.000 -0.000 0.000 -0.001 0.000 -0.000 0.000
-0.000 0.000 1.000 0.000 -0.000 0.000 -0.000 0.000 -0.000 0.000
-0.000 0.000 -0.000 1.000 -0.000 0.000 -0.000 0.000 -0.000 0.000
-0.000 0.000 -0.000 0.000 1.000 0.000 -0.000 0.000 -0.000 0.000
-0.000 0.000 -0.000 0.000 -0.000 1.000 -0.000 0.000 -0.000 0.000
-0.000 0.000 -0.000 0.000 -0.000 0.000 1.000 0.000 -0.000 0.000
-0.000 0.000 -0.000 0.000 -0.000 0.000 -0.000 1.000 -0.000 0.000
-0.000 0.000 -0.000 0.000 -0.000 0.000 -0.000 0.000 1.000 0.000
-0.000 0.000 -0.000 0.000 -0.000 0.000 -0.000 0.000 -0.000 1.000

cond(A) = 35353174187123.719
det(A) = -0.0000000000
