2 Cores:

N = 1000
Sequential Floyd took 1.52238 ms.
0.00000 0.02380 0.02460 0.02680 0.02530 0.04570 0.03900 0.02270 0.02630 0.02730 ...
0.02720 0.00000 0.02650 0.01840 0.02170 0.03990 0.03600 0.01450 0.02160 0.02230 ...
...
Parallel Floyd took 0.87731 ms.
0.00000 0.02380 0.02460 0.02680 0.02530 0.04570 0.03900 0.02270 0.02630 0.02730 ...
0.02720 0.00000 0.02650 0.01840 0.02170 0.03990 0.03600 0.01450 0.02160 0.02230 ...
...

N = 2000
Sequential Floyd took 10.97618 ms.
0.00000 0.01980 0.01010 0.00750 0.01340 0.00610 0.00900 0.01160 0.01150 0.01160 ...
0.01370 0.00000 0.01220 0.01000 0.01490 0.01520 0.01310 0.01460 0.01460 0.01650 ...
...
Parallel Floyd took 6.05497 ms.
0.00000 0.01980 0.01010 0.00750 0.01340 0.00610 0.00900 0.01160 0.01150 0.01160 ...
0.01370 0.00000 0.01220 0.01000 0.01490 0.01520 0.01310 0.01460 0.01460 0.01650 ...
...

N = 5000
Sequential Floyd took 172.03692 ms.
0.00000 0.00480 0.00770 0.00690 0.00740 0.00700 0.00770 0.00730 0.00690 0.00720 ...
0.00410 0.00000 0.00600 0.00550 0.00570 0.00580 0.00610 0.00580 0.00630 0.00360 ...
...
Parallel Floyd took 95.26078 ms.
0.00000 0.00480 0.00770 0.00690 0.00740 0.00700 0.00770 0.00730 0.00690 0.00720 ...
0.00410 0.00000 0.00600 0.00550 0.00570 0.00580 0.00610 0.00580 0.00630 0.00360 ...
...



4 Cores:

N = 1000
Sequential Floyd took 1.53949 ms.
0.00000 0.02380 0.02460 0.02680 0.02530 0.04570 0.03900 0.02270 0.02630 0.02730 ...
0.02720 0.00000 0.02650 0.01840 0.02170 0.03990 0.03600 0.01450 0.02160 0.02230 ...
...
Parallel Floyd took 0.98267 ms.
0.00000 0.02380 0.02460 0.02680 0.02530 0.04570 0.03900 0.02270 0.02630 0.02730 ...
0.02720 0.00000 0.02650 0.01840 0.02170 0.03990 0.03600 0.01450 0.02160 0.02230 ...
...

N = 2000
Sequential Floyd took 11.01044 ms.
0.00000 0.01980 0.01010 0.00750 0.01340 0.00610 0.00900 0.01160 0.01150 0.01160 ...
0.01370 0.00000 0.01220 0.01000 0.01490 0.01520 0.01310 0.01460 0.01460 0.01650 ...
...
Parallel Floyd took 6.36326 ms.
0.00000 0.01980 0.01010 0.00750 0.01340 0.00610 0.00900 0.01160 0.01150 0.01160 ...
0.01370 0.00000 0.01220 0.01000 0.01490 0.01520 0.01310 0.01460 0.01460 0.01650 ...
...

N = 5000
Sequential Floyd took 161.00335 ms.
0.00000 0.00480 0.00770 0.00690 0.00740 0.00700 0.00770 0.00730 0.00690 0.00720 ...
0.00410 0.00000 0.00600 0.00550 0.00570 0.00580 0.00610 0.00580 0.00630 0.00360 ...
...
Parallel Floyd took 92.29711 ms.
0.00000 0.00480 0.00770 0.00690 0.00740 0.00700 0.00770 0.00730 0.00690 0.00720 ...
0.00410 0.00000 0.00600 0.00550 0.00570 0.00580 0.00610 0.00580 0.00630 0.00360 ...
...

