2 Cores.
N = 100. EPS = 1e-4. h = 0.1
F - matrix and value h: took 0.10000 ms.
0.00410 1.84670 0.63340 2.65000 1.91690 1.57240 1.14780 2.93580 2.69620 2.44640 0.57050 2.81450 ...
0.48330 3.11150 0.46390 2.96580 2.27040 0.99300 1.39770 0.23060 3.16730 2.23860 0.50210 2.87450 ...
1.43090 0.76160 1.89350 1.74510 2.06000 0.52490 1.65190 3.15560 2.27980 3.03030 0.62240 1.10080 ...
...
Sequential Gauss-Seidel took 0.25046 ms.
1.94840 2.26930 1.71940 1.06050 1.70590 0.68380 2.05560 1.51790 1.82960 1.07820 2.47290 0.15560 ...
2.68330 2.03787 1.68694 1.39993 1.41695 1.21192 1.48404 1.40514 1.40228 1.24258 1.43148 0.95535 ...
0.62960 1.54307 1.59518 1.46499 1.37274 1.27280 1.27748 1.21866 1.16347 1.08075 1.06011 0.92565 ...
...
Parallel Gauss-Seidel took 0.17968 ms.
1.94840 2.26930 1.71940 1.06050 1.70590 0.68380 2.05560 1.51790 1.82960 1.07820 2.47290 0.15560 ...
2.68330 2.03787 1.68694 1.39993 1.41695 1.21192 1.48404 1.40514 1.40228 1.24258 1.43148 0.95535 ...
0.62960 1.54307 1.59518 1.46499 1.37274 1.27280 1.27748 1.21866 1.16347 1.08075 1.06011 0.92565 ...
...

N = 200. EPS = 1e-4. h = 0.1
F - matrix and value h: took 0.10000 ms.
0.00410 1.84670 0.63340 2.65000 1.91690 1.57240 1.14780 2.93580 2.69620 2.44640 0.57050 2.81450 ...
1.43090 0.76160 1.89350 1.74510 2.06000 0.52490 1.65190 3.15560 2.27980 3.03030 0.62240 1.10080 ...
1.77730 3.22700 0.17630 0.26680 1.71920 1.39850 0.31020 0.84800 2.92130 0.76270 0.48020 0.40990 ...
...
Sequential Gauss-Seidel took 4.09437 ms.
0.41670 1.46110 1.79400 1.30760 2.90550 0.86210 0.71100 2.63010 0.37140 0.81660 1.06350 0.29070 ...
2.15180 1.51035 1.44097 1.37310 1.62969 1.11230 0.99021 1.28791 0.73051 0.66880 0.65305 0.44927 ...
0.74090 0.99515 1.10537 1.13159 1.14847 0.97246 0.86613 0.83238 0.61674 0.50533 0.43684 0.36828 ...
...
Parallel Gauss-Seidel took 2.75135 ms.
0.41670 1.46110 1.79400 1.30760 2.90550 0.86210 0.71100 2.63010 0.37140 0.81660 1.06350 0.29070 ...
2.15180 1.51035 1.44097 1.37310 1.62969 1.11230 0.99021 1.28791 0.73051 0.66880 0.65305 0.44927 ...
0.74090 0.99515 1.10537 1.13159 1.14847 0.97246 0.86613 0.83238 0.61674 0.50534 0.43684 0.36828 ...
...

N = 500
F - matrix and value h: took 0.10000 ms.
0.00410 1.84670 0.63340 2.65000 1.91690 1.57240 1.14780 2.93580 2.69620 2.44640 0.57050 2.81450 ...
0.12640 0.82600 0.62020 0.81160 0.50300 2.03260 2.90110 3.07710 0.64110 2.55470 2.11530 2.15200 ...
2.66670 0.15280 2.66790 0.78640 2.94210 0.84050 0.88260 0.68160 0.75160 2.77260 2.86660 2.90870 ...
...
Sequential Gauss-Seidel took 95.43132 ms.
1.61750 2.08980 1.47380 0.66830 0.33000 0.79420 2.92080 1.68130 0.23060 0.80540 1.09280 0.85680 ...
0.13270 1.15237 1.17290 0.89828 0.76524 0.97351 1.48162 1.12786 0.62165 0.62180 0.68381 0.67884 ...
0.82740 1.22233 1.17337 0.99480 0.86421 0.87330 0.93331 0.75766 0.51274 0.40188 0.36296 0.34928 ...
...
Parallel Gauss-Seidel took 64.33491 ms.
1.61750 2.08980 1.47380 0.66830 0.33000 0.79420 2.92080 1.68130 0.23060 0.80540 1.09280 0.85680 ...
0.13270 1.15237 1.17290 0.89828 0.76524 0.97351 1.48162 1.12786 0.62165 0.62180 0.68381 0.67884 ...
0.82740 1.22233 1.17337 0.99480 0.86421 0.87330 0.93331 0.75766 0.51274 0.40188 0.36296 0.34928 ...
...




4 Cores. 
N = 100. EPS = 1e-4. h = 0.1
F - matrix and value h (0.10000)
0.00410 1.84670 0.63340 2.65000 1.91690 1.57240 1.14780 2.93580 2.69620 2.44640 0.57050 2.81450 ...
0.48330 3.11150 0.46390 2.96580 2.27040 0.99300 1.39770 0.23060 3.16730 2.23860 0.50210 2.87450 ...
1.43090 0.76160 1.89350 1.74510 2.06000 0.52490 1.65190 3.15560 2.27980 3.03030 0.62240 1.10080 ...
...
Sequential Gauss-Seidel took 0.24623 ms.
1.94840 2.26930 1.71940 1.06050 1.70590 0.68380 2.05560 1.51790 1.82960 1.07820 2.47290 0.15560 ...
2.68330 2.03787 1.68694 1.39993 1.41695 1.21192 1.48404 1.40514 1.40228 1.24258 1.43148 0.95535 ...
0.62960 1.54307 1.59518 1.46499 1.37274 1.27280 1.27748 1.21866 1.16347 1.08075 1.06011 0.92565 ...
...
Parallel Gauss-Seidel took 0.16358 ms.
1.94840 2.26930 1.71940 1.06050 1.70590 0.68380 2.05560 1.51790 1.82960 1.07820 2.47290 0.15560 ...
2.68330 2.03787 1.68694 1.39993 1.41695 1.21192 1.48405 1.40515 1.40229 1.24260 1.43150 0.95537 ...
0.62960 1.54307 1.59519 1.46500 1.37275 1.27282 1.27750 1.21868 1.16349 1.08078 1.06014 0.92569 ...
...

N = 200. EPS = 1e-4. h = 0.1
F - matrix and value h (0.10000)
0.00410 1.84670 0.63340 2.65000 1.91690 1.57240 1.14780 2.93580 2.69620 2.44640 0.57050 2.81450 ...
1.43090 0.76160 1.89350 1.74510 2.06000 0.52490 1.65190 3.15560 2.27980 3.03030 0.62240 1.10080 ...
1.77730 3.22700 0.17630 0.26680 1.71920 1.39850 0.31020 0.84800 2.92130 0.76270 0.48020 0.40990 ...
...
Sequential Gauss-Seidel took 4.06520 ms.
0.41670 1.46110 1.79400 1.30760 2.90550 0.86210 0.71100 2.63010 0.37140 0.81660 1.06350 0.29070 ...
2.15180 1.51035 1.44097 1.37310 1.62969 1.11230 0.99021 1.28791 0.73051 0.66880 0.65305 0.44927 ...
0.74090 0.99515 1.10537 1.13159 1.14847 0.97246 0.86613 0.83238 0.61674 0.50533 0.43684 0.36828 ...
...
Parallel Gauss-Seidel took 2.01489 ms.
0.41670 1.46110 1.79400 1.30760 2.90550 0.86210 0.71100 2.63010 0.37140 0.81660 1.06350 0.29070 ...
2.15180 1.51035 1.44097 1.37310 1.62970 1.11231 0.99021 1.28792 0.73052 0.66881 0.65305 0.44928 ...
0.74090 0.99515 1.10537 1.13159 1.14848 0.97247 0.86614 0.83239 0.61675 0.50535 0.43685 0.36830 ...
...

N = 500. EPS = 1e-3. h = 0.1
F - matrix and value h: took 0.10000 ms.
0.00410 1.84670 0.63340 2.65000 1.91690 1.57240 1.14780 2.93580 2.69620 2.44640 0.57050 2.81450 ...
0.12640 0.82600 0.62020 0.81160 0.50300 2.03260 2.90110 3.07710 0.64110 2.55470 2.11530 2.15200 ...
2.66670 0.15280 2.66790 0.78640 2.94210 0.84050 0.88260 0.68160 0.75160 2.77260 2.86660 2.90870 ...
...
Sequential Gauss-Seidel took 94.81085 ms.
1.61750 2.08980 1.47380 0.66830 0.33000 0.79420 2.92080 1.68130 0.23060 0.80540 1.09280 0.85680 ...
0.13270 1.15237 1.17290 0.89828 0.76524 0.97351 1.48162 1.12786 0.62165 0.62180 0.68381 0.67884 ...
0.82740 1.22233 1.17337 0.99480 0.86421 0.87330 0.93331 0.75766 0.51274 0.40188 0.36296 0.34928 ...
...
Parallel Gauss-Seidel took 49.69857 ms.
1.61750 2.08980 1.47380 0.66830 0.33000 0.79420 2.92080 1.68130 0.23060 0.80540 1.09280 0.85680 ...
0.13270 1.15237 1.17291 0.89829 0.76526 0.97353 1.48164 1.12789 0.62167 0.62183 0.68384 0.67888 ...
0.82740 1.22233 1.17338 0.99482 0.86424 0.87333 0.93335 0.75771 0.51279 0.40194 0.36303 0.34935 ...
...
