Better bubble:

2 Cores:
N = 10000
Sequential Bubble Sort took 0.08910 ms.
0.00003 0.00004 0.00008 0.00009 0.00012 0.00020 0.00021 0.00024 0.00026 0.00028 ...
Parallel Bubble Sort took 0.08079 ms.
0.00003 0.00004 0.00008 0.00009 0.00012 0.00020 0.00021 0.00024 0.00026 0.00028 ...

N = 20000
Sequential Bubble Sort took 0.38474 ms.
0.00001 0.00003 0.00004 0.00008 0.00009 0.00012 0.00015 0.00020 0.00020 0.00021 ...
Parallel Bubble Sort took 0.24139 ms.
0.00001 0.00003 0.00004 0.00008 0.00009 0.00012 0.00015 0.00020 0.00020 0.00021 ...

N = 50000
Sequential Bubble Sort took 2.71812 ms.
0.00000 0.00001 0.00003 0.00004 0.00006 0.00006 0.00006 0.00006 0.00008 0.00008 ...
Parallel Bubble Sort took 1.72155 ms.
0.00000 0.00001 0.00003 0.00004 0.00006 0.00006 0.00006 0.00006 0.00008 0.00008 ...

N = 100000
Sequential Bubble Sort took 11.06960 ms.
0.00000 0.00000 0.00001 0.00001 0.00001 0.00001 0.00001 0.00001 0.00003 0.00003 ...
Parallel Bubble Sort took 7.72083 ms.
0.00000 0.00000 0.00001 0.00001 0.00001 0.00001 0.00001 0.00001 0.00003 0.00003 ...



3 Cores:
N = 10000
Sequential Bubble Sort took 0.08835 ms.
0.00003 0.00004 0.00008 0.00009 0.00012 0.00020 0.00021 0.00024 0.00026 0.00028 0.00028 0.00031 0.00035 0.00039 0.00040 0.00041 0.00042 0.00045 0.00047 0.00053 0.00053 0.00057 
Parallel Bubble Sort took 0.06946 ms.
0.00003 0.00004 0.00008 0.00009 0.00012 0.00020 0.00021 0.00024 0.00026 0.00028 0.00028 0.00031 0.00035 0.00039 0.00040 0.00041 0.00042 0.00045 0.00047 0.00053 0.00053 0.00057 
N = 20000
Sequential Bubble Sort took 0.39133 ms.
0.00001 0.00003 0.00004 0.00008 0.00009 0.00012 0.00015 0.00020 0.00020 0.00021 0.00023 0.00023 0.00024 0.00024 0.00025 0.00025 0.00026 0.00028 0.00028 0.00028 0.00030 0.00031 
Parallel Bubble Sort took 0.27022 ms.
0.00001 0.00003 0.00004 0.00008 0.00009 0.00012 0.00015 0.00020 0.00020 0.00021 0.00023 0.00023 0.00024 0.00024 0.00025 0.00025 0.00026 0.00028 0.00028 0.00028 0.00030 0.00031 
N = 50000
Sequential Bubble Sort took 2.87455 ms.
0.00000 0.00001 0.00003 0.00004 0.00006 0.00006 0.00006 0.00006 0.00008 0.00008 0.00009 0.00009 0.00009 0.00010 0.00010 0.00011 0.00011 0.00012 0.00013 0.00015 0.00015 0.00015 
Parallel Bubble Sort took 1.78324 ms.
0.00000 0.00001 0.00003 0.00004 0.00006 0.00006 0.00006 0.00006 0.00008 0.00008 0.00009 0.00009 0.00009 0.00010 0.00010 0.00011 0.00011 0.00012 0.00013 0.00015 0.00015 0.00015 



4 Cores:
N = 10000
Sequential Bubble Sort took 0.07985 ms.
0.00003 0.00004 0.00008 0.00009 0.00012 0.00020 0.00021 0.00024 0.00026 0.00028 ...
Parallel Bubble Sort took 0.12629 ms.
0.00003 0.00004 0.00008 0.00009 0.00012 0.00020 0.00021 0.00024 0.00026 0.00028 ...

N = 20000
Sequential Bubble Sort took 0.40559 ms.
0.00001 0.00003 0.00004 0.00008 0.00009 0.00012 0.00015 0.00020 0.00020 0.00021 ...
Parallel Bubble Sort took 0.35795 ms.
0.00001 0.00003 0.00004 0.00008 0.00009 0.00012 0.00015 0.00020 0.00020 0.00021 ...

N = 50000
Sequential Bubble Sort took 3.27449 ms.
0.00000 0.00001 0.00003 0.00004 0.00006 0.00006 0.00006 0.00006 0.00008 0.00008 ...
Parallel Bubble Sort took 2.43133 ms.
0.00000 0.00001 0.00003 0.00004 0.00006 0.00006 0.00006 0.00006 0.00008 0.00008 ...

N = 100000
Sequential Bubble Sort took 11.90963 ms.
0.00000 0.00000 0.00001 0.00001 0.00001 0.00001 0.00001 0.00001 0.00003 0.00003 ...
Parallel Bubble Sort took 9.17221 ms.
0.00000 0.00000 0.00001 0.00001 0.00001 0.00001 0.00001 0.00001 0.00003 0.00003 ...




Wrong bubble:

2 Cores:
N = 10000
Sequential Bubble Sort took 0.08429 ms.
0.00003 0.00004 0.00008 0.00009 0.00012 0.00020 0.00021 0.00024 0.00026 0.00028 0.00028 0.00031 0.00035 0.00039 0.00040 0.00041 0.00042 0.00045 0.00047 0.00053 0.00053 0.00057 0.00058 
Parallel Bubble Sort took 0.35101 ms.
0.00003 0.00004 0.00008 0.00009 0.00012 0.00020 0.00021 0.00024 0.00026 0.00028 0.00028 0.00031 0.00035 0.00039 0.00040 0.00041 0.00042 0.00045 0.00047 0.00053 0.00053 0.00057 0.00058 
N = 20000
Sequential Bubble Sort took 0.35744 ms.
0.00001 0.00003 0.00004 0.00008 0.00009 0.00012 0.00015 0.00020 0.00020 0.00021 0.00023 0.00023 0.00024 0.00024 0.00025 0.00025 0.00026 0.00028 0.00028 0.00028 0.00030 0.00031 0.00035 
Parallel Bubble Sort took 1.05141 ms.
0.00001 0.00003 0.00004 0.00008 0.00009 0.00012 0.00015 0.00020 0.00020 0.00021 0.00023 0.00023 0.00024 0.00024 0.00025 0.00025 0.00026 0.00028 0.00028 0.00028 0.00030 0.00031 0.00035 
N = 50000


4 Cores:
N = 10000
Sequential Bubble Sort took 0.08106 ms.
0.00003 0.00004 0.00008 0.00009 0.00012 0.00020 0.00021 0.00024 0.00026 0.00028 0.00028 0.00031 0.00035 0.00039 0.00040 0.00041 0.00042 0.00045 0.00047 0.00053 0.00053 0.00057 0.00058
Parallel Bubble Sort took 0.46844 ms.
0.00003 0.00004 0.00008 0.00009 0.00012 0.00020 0.00021 0.00024 0.00026 0.00028 0.00028 0.00031 0.00035 0.00039 0.00040 0.00041 0.00042 0.00045 0.00047 0.00053 0.00053 0.00057 0.00058
N = 20000
Sequential Bubble Sort took 0.36832 ms.
0.00001 0.00003 0.00004 0.00008 0.00009 0.00012 0.00015 0.00020 0.00020 0.00021 0.00023 0.00023 0.00024 0.00024 0.00025 0.00025 0.00026 0.00028 0.00028 0.00028 0.00030 0.00031 0.00035 
Parallel Bubble Sort took 1.15210 ms.
0.00001 0.00003 0.00004 0.00008 0.00009 0.00012 0.00015 0.00020 0.00020 0.00021 0.00023 0.00023 0.00024 0.00024 0.00025 0.00025 0.00026 0.00028 0.00028 0.00028 0.00030 0.00031 0.00035 
N = 50000
Sequential Bubble Sort took 3.04980 ms.
0.00000 0.00001 0.00003 0.00004 0.00006 0.00006 0.00006 0.00006 0.00008 0.00008 0.00009 0.00009 0.00009 0.00010 0.00010 0.00011 0.00011 0.00012 0.00013 0.00015 0.00015 0.00015 0.00015 
Parallel Bubble Sort took 12.59409 ms.
0.00000 0.00001 0.00003 0.00004 0.00006 0.00006 0.00006 0.00006 0.00008 0.00008 0.00009 0.00009 0.00009 0.00010 0.00010 0.00011 0.00011 0.00012 0.00013 0.00015 0.00015 0.00015 0.00015 
